0.026062
0.026062
0.026062
0.026062
0.026187
0.026187
0.026125
0.026187
0.026187
0.026187
0.026187
0.026125
0.026125
0.026187
0.026125
0.026125
0.026187
0.026187
0.026125
0.026187
0.026125
0.026125
0.026187
0.026125
0.026125
0.026125
0.026187
0.026187
0.026125
0.026187
0.026250
0.026187
0.026250
0.026187
0.026250
0.026250
0.026250
0.026187
0.026250
0.026250
0.026312
0.026312
0.026375
0.026375
0.026312
0.026375
0.026312
0.026375
0.026312
0.026375
0.026312
0.026438
0.026438
0.026438
0.026500
0.026563
0.026625
0.026750
0.026812
0.026937
0.027188
0.027375
0.027562
0.028125
0.028437
0.028937
0.029500
0.031125
0.032125
0.033313
0.036063
0.037625
0.039313
0.043063
0.045125
0.047188
0.049312
0.053750
0.056125
0.058625
0.063812
0.066563
0.069437
0.075375
0.078562
0.081688
0.084875
0.090563
0.093313
0.095500
0.099312
0.100750
0.101688
0.102437
0.102188
0.101625
0.100750
0.098312
0.097125
0.096250
0.094625
0.094000
0.093437
0.092938
0.092000
0.091688
0.091188
0.090563
0.090250
0.090000
0.089375
0.089125
0.088812
0.088563
0.088000
0.087750
0.087562
0.087250
0.087125
0.087000
0.086687
0.086500
0.086312
0.086062
0.085625
0.085375
0.085125
0.084750
0.084625
0.084500
0.084250
0.084062
0.084000
0.083812
0.083438
0.083250
0.083125
0.082812
0.082625
0.082438
0.082125
0.082062
0.082188
0.082500
0.084750
0.086687
0.089188
0.095500
0.099063
0.102812
0.110250
0.114188
0.118187
0.122312
0.130813
0.135188
0.139438
0.147875
0.152313
0.156438
0.160375
0.167313
0.169875
0.171937
0.174437
0.175250
0.175688
0.175875
0.175563
0.174938
0.173938
0.171000
0.168938
0.166750
0.162938
0.161313
0.160000
0.157562
0.156563
0.155625
0.154813
0.153563
0.153063
0.152500
0.151688
0.151250
0.150875
0.150125
0.149750
0.149438
0.149188
0.148688
0.148500
0.148250
0.147813
0.147563
0.147313
0.146687
0.146313
0.145938
0.145563
0.144750
0.144375
0.143938
0.143187
0.142813
0.142375
0.141563
0.141250
0.141000
0.140687
0.140125
0.139813
0.139625
0.139875
0.140500
0.141563
0.143125
0.147438
0.150500
0.154125
0.163063
0.168062
0.173313
0.184437
0.189938
0.195625
0.201312
0.213063
0.219000
0.225187
0.237813
0.244188
0.250563
0.263313
0.269438
0.274688
0.279562
0.286625
0.288625
0.290000
0.290500
0.289562
0.288063
0.283625
0.281063
0.279125
0.277438
0.275000
0.274000
0.273000
0.271188
0.270313
0.269313
0.267563
0.266688
0.265812
0.265000
0.263375
0.262625
0.261875
0.260437
0.259750
0.259125
0.257813
0.257187
0.256500
0.255938
0.254750
0.254188
0.253750
0.252813
0.252438
0.252063
0.251625
0.250813
0.250437
0.249938
0.249062
0.248438
0.247938
0.247000
0.246563
0.246312
0.246563
0.249250
0.252000
0.255813
0.267000
0.274063
0.281938
0.300000
0.309375
0.318938
0.328500
0.347938
0.357563
0.366750
0.384938
0.394313
0.403500
0.420125
0.427188
0.433062
0.437188
0.442062
0.442937
0.442750
0.439438
0.436625
0.433312
0.427625
0.425375
0.423438
0.421688
0.418750
0.417563
0.416375
0.414500
0.413875
0.413687
0.414188
0.414625
0.415062
0.415250
0.415437
0.415500
0.415375
0.414875
0.414438
0.413875
0.412750
0.412063
0.411313
0.410750
0.409438
0.408750
0.408062
0.406625
0.405875
0.405125
0.404312
0.402875
0.402188
0.401563
0.400375
0.399812
0.399312
0.398375
0.398000
0.397625
0.397438
0.399750
0.403125
0.408125
0.422375
0.431375
0.441188
0.462375
0.473375
0.484125
0.494313
0.514750
0.525563
0.535562
0.555000
0.563875
0.571750
0.584250
0.588250
0.591500
0.593375
0.594312
0.593437
0.591812
0.587438
0.584750
0.582062
0.577437
0.575500
0.573812
0.572312
0.569687
0.568500
0.567438
0.565437
0.564625
0.563875
0.563250
0.563500
0.564062
0.564750
0.566312
0.567250
0.568000
0.568375
0.568125
0.567875
0.567563
0.566688
0.566187
0.565687
0.564625
0.564000
0.563437
0.562000
0.561187
0.560437
0.559562
0.557687
0.556687
0.555625
0.553688
0.552875
0.552125
0.550687
0.550062
0.549500
0.548937
0.547937
0.547500
0.547062
0.546187
0.545750
0.545312
0.546312
0.549250
0.553937
0.560312
0.577687
0.587875
0.598937
0.622375
0.634250
0.645437
0.667625
0.678625
0.688937
0.698375
0.714000
0.720125
0.724375
0.729875
0.730625
0.730437
0.725875
0.722312
0.719250
0.716875
0.713187
0.711625
0.710375
0.708437
0.707937
0.707812
0.707687
0.707750
0.707750
0.707687
0.707375
0.707062
0.706625
0.705250
0.704250
0.703187
0.702062
0.699500
0.698125
0.696750
0.694125
0.692937
0.691750
0.689937
0.689125
0.688375
0.687750
0.686812
0.686375
0.685937
0.685250
0.684875
0.684500
0.683812
0.683500
0.683187
0.682812
0.682250
0.682000
0.681687
0.684937
0.689750
0.696437
0.714312
0.724625
0.736000
0.747625
0.771563
0.783375
0.794812
0.816250
0.825312
0.833375
0.844875
0.848625
0.850875
0.851875
0.850125
0.847437
0.844062
0.838812
0.836812
0.835188
0.833750
0.831312
0.830437
0.829875
0.829187
0.828812
0.828500
0.827500
0.826812
0.826062
0.825125
0.823125
0.821937
0.820750
0.818313
0.817187
0.816125
0.814562
0.813937
0.813375
0.812812
0.811750
0.811187
0.810562
0.809437
0.809000
0.808625
0.807875
0.807625
0.807312
0.807063
0.806500
0.806188
0.805937
0.808062
0.812437
0.819500
0.840625
0.853375
0.866938
0.880937
0.908500
0.922062
0.935625
0.959500
0.971125
0.981625
1.000375
1.008500
1.016000
1.022625
1.031562
1.034000
1.035000
1.032312
1.028750
1.025250
1.022625
1.018250
1.016438
1.014750
1.011875
1.010563
1.009500
1.007938
1.007250
1.006500
1.005750
1.004000
1.002938
1.001812
0.999625
0.998500
0.997562
0.995750
0.994875
0.994125
0.993375
0.992000
0.991250
0.990687
0.989375
0.988813
0.988187
0.987063
0.986500
0.986063
0.985625
0.984875
0.984438
0.984000
0.983250
0.982812
0.982375
0.981625
0.981687
0.984062
0.989125
1.007313
1.019750
1.034125
1.064687
1.080000
1.094937
1.124000
1.137063
1.149438
1.162375
1.188500
1.200000
1.209750
1.225125
1.231375
1.236750
1.240687
1.244688
1.244313
1.242500
1.235188
1.232125
1.229562
1.225250
1.223250
1.221562
1.220000
1.217375
1.216250
1.215250
1.213125
1.211938
1.210750
1.208437
1.207312
1.206250
1.205125
1.203187
1.202250
1.201375
1.199625
1.198812
1.198063
1.196563
1.195812
1.195125
1.194437
1.193063
1.192438
1.191812
1.190750
1.190312
1.189750
1.188812
1.188250
1.187750
1.187250
1.186313
1.185750
1.185312
1.184375
1.184000
1.184000
1.189312
1.195812
1.204813
1.215562
1.239938
1.252687
1.265625
1.291625
1.303812
1.316000
1.327125
1.347813
1.357625
1.367125
1.378687
1.384187
1.389062
1.397000
1.400687
1.403875
1.405938
1.406312
1.404062
1.400750
1.395563
1.393500
1.391750
1.388750
1.387437
1.386188
1.384875
1.382313
1.381000
1.379812
1.377313
1.376187
1.375125
1.373062
1.372000
1.371062
1.370187
1.368438
1.367563
1.366688
1.365250
1.364562
1.363812
1.362375
1.361688
1.361063
1.360437
1.359375
1.358812
1.358188
1.357187
1.356562
1.356063
1.354875
1.354313
1.353812
1.353312
1.352187
1.351688
1.351250
1.350188
1.349687
1.349250
1.348750
1.347813
1.347312
1.346938
1.346000
1.345625
1.345125
1.344313
1.344000
1.343562
1.343187
1.342375
1.341938
1.341562
1.340812
1.340438
1.340062
1.339313
1.338937
1.338562
1.338187
1.337437
1.337125
1.336750
1.336187
1.335937
1.335750
1.335687
1.335562
1.335312
1.335062
1.334250
1.333875
1.333437
1.332562
1.332188
1.331875
1.331000
1.330562
1.330250
1.329875
1.329250
1.328938
1.328562
1.328000
1.327687
1.327312
1.326687
1.326500
1.326250
1.326062
1.325562
1.325312
1.325000
1.324437
1.324187
1.323938
1.323625
1.323063
1.322750
1.322438
1.321812
1.321563
1.321250
1.320625
1.320312
1.320000
1.319750
1.319187
1.318875
1.318688
1.318125
1.317875
1.317625
1.317062
1.316750
1.316437
1.315812
1.314312
1.313437
1.312562
1.310437
1.309437
1.308437
1.306375
1.305437
1.304375
1.303375
1.301312
1.300375
1.299312
1.297375
1.296437
1.295437
1.293500
1.292500
1.291437
1.290500
1.288563
1.287688
1.286813
1.285250
1.284625
1.284125
1.282688
1.281875
1.281000
1.280125
1.278250
1.277312
1.276562
1.274812
1.274000
1.273187
1.272437
1.270937
1.270250
1.269500
1.268187
1.267500
1.266875
1.265437
1.264750
1.264063
1.263437
1.262187
1.261625
1.261000
1.259750
1.259063
1.258375
1.257063
1.256375
1.255687
1.255062
1.253625
1.253000
1.252313
1.250875
1.250250
1.249562
1.248188
1.247563
1.246875
1.246187
1.244875
1.244250
1.243625
1.242375
1.241688
1.241062
1.239750
1.239187
1.238500
1.237875
1.236562
1.235937
1.235250
1.234063
1.233375
1.232750
1.231500
1.230813
1.230250
1.229625
1.228375
1.227625
1.227062
1.225813
1.225188
1.224563
1.223937
1.222625
1.221938
1.221375
1.220188
1.219563
1.219000
1.218250
1.217875
1.217563
1.217188
1.216187
1.215500
1.214750
1.213375
1.212687
1.211938
1.210562
1.209812
1.209125
1.208500
1.207125
1.206500
1.205812
1.204625
1.204000
1.203437
1.202188
1.201500
1.200875
1.200375
1.199312
1.198750
1.198187
1.197125
1.196500
1.195937
1.194687
1.194125
1.193500
1.192875
1.191687
1.191062
1.190438
1.189188
1.188562
1.187937
1.186750
1.186125
1.185562
1.184937
1.183812
1.183250
1.182625
1.181500
1.180938
1.180312
1.179188
1.178625
1.178000
1.177438
1.176250
1.175750
1.175125
1.174000
1.173437
1.172875
1.172312
1.171187
1.170625
1.170000
1.168875
1.168313
1.167750
1.166687
1.166125
1.165625
1.165063
1.164000
1.163437
1.162937
1.161937
1.161500
1.161062
1.160562
1.160313
1.160063
1.159750
1.158687
1.158125
1.157437
1.156250
1.155562
1.154875
1.153625
1.153000
1.152375
1.151750
1.150625
1.150125
1.149562
1.148500
1.147938
1.147437
1.146250
1.145750
1.145187
1.144750
1.143813
1.143375
1.142875
1.141875
1.141375
1.140812
1.139750
1.139187
1.138687
1.138062
1.137000
1.136438
1.135937
1.134812
1.134250
1.133687
1.133125
1.132000
1.131500
1.130937
1.129875
1.129375
1.128875
1.127875
1.127375
1.126875
1.126375
1.125375
1.124812
1.124312
1.123312
1.122875
1.122313
1.121312
1.120813
1.120312
1.119812
1.118750
1.118312
1.117812
1.116750
1.116250
1.115750
1.114687
1.114125
1.113687
1.113125
1.112187
1.111750
1.111312
1.110750
1.110562
1.110375
1.109750
1.109187
1.108625
1.108062
1.106875
1.106250
1.105625
1.104437
1.103812
1.103187
1.102000
1.101500
1.100937
1.100437
1.099437
1.098875
1.098375
1.097375
1.096875
1.096375
1.095875
1.095062
1.094687
1.094250
1.093375
1.092875
1.092375
1.091375
1.090875
1.090375
1.089875
1.088750
1.088250
1.087750
1.086687
1.086187
1.085625
1.084687
1.084187
1.083688
1.083187
1.082250
1.081812
1.081313
1.080375
1.079937
1.079500
1.078562
1.078063
1.077625
1.077188
1.076250
1.075750
1.075250
1.074312
1.073812
1.073312
1.072312
1.071812
1.071375
1.070875
1.069875
1.069375
1.068938
1.068187
1.068000
1.067812
1.067562
1.067375
1.066937
1.066563
1.065438
1.064875
1.064250
1.063000
1.062375
1.061750
1.061187
1.060063
1.059500
1.059000
1.057937
1.057562
1.057000
1.056062
1.055500
1.054937
1.054500
1.053625
1.053125
1.052750
1.051937
1.051500
1.051062
1.050125
1.049687
1.049250
1.048750
1.047750
1.047250
1.046750
1.045750
1.045250
1.044750
1.043750
1.043250
1.042750
1.042250
1.041312
1.040875
1.040375
1.039500
1.038937
1.038563
1.037625
1.037125
1.036687
1.036250
1.035313
1.034875
1.034375
1.033437
1.033000
1.032500
1.031562
1.031062
1.030625
1.030187
1.029312
1.028813
1.028437
1.027812
1.027625
1.027562
1.027500
1.027187
1.026813
1.026437
1.025375
1.024688
1.024062
1.022812
1.022250
1.021625
1.021062
1.020000
1.019438
1.018937
1.018000
1.017562
1.017125
1.016188
1.015687
1.015187
1.014812
1.013875
1.013500
1.013125
1.012313
1.011937
1.011500
1.010563
1.010187
1.009750
1.009250
1.008312
1.007875
1.007375
1.006438
1.005937
1.005437
1.004500
1.004000
1.003562
1.003062
1.002187
1.001750
1.001312
1.000437
1.000000
0.999500
0.998687
0.998250
0.997813
0.997375
0.996500
0.996125
0.995687
0.994875
0.994375
0.994000
0.993500
0.992625
0.992187
0.991750
0.990875
0.990500
0.990125
0.989500
0.989375
0.989375
0.989313
0.989125
0.988875
0.988562
0.987562
0.986937
0.986312
0.985000
0.984438
0.983812
0.983250
0.982188
0.981687
0.981188
0.980250
0.979813
0.979375
0.978500
0.978063
0.977562
0.977188
0.976437
0.976062
0.975750
0.975125
0.974750
0.974437
0.973625
0.973188
0.972812
0.972375
0.971500
0.971000
0.970563
0.969562
0.969125
0.968625
0.967750
0.967313
0.966875
0.966438
0.965625
0.965187
0.964813
0.964000
0.963687
0.963187
0.962812
0.962000
0.961563
0.961187
0.960375
0.960000
0.959562
0.958812
0.958312
0.957938
0.957500
0.956625
0.956250
0.955813
0.955000
0.954500
0.954125
0.953437
0.953125
0.952875
0.952750
0.952750
0.952812
0.952812
0.952437
0.952187
0.951688
0.950437
0.949750
0.949063
0.948437
0.947187
0.946687
0.946187
0.945250
0.944812
0.944375
0.943625
0.943187
0.942750
0.942313
0.941375
0.941063
0.940750
0.940188
0.939875
0.939625
0.938937
0.938562
0.938187
0.937812
0.936937
0.936437
0.936063
0.935125
0.934750
0.934187
0.933750
0.932812
0.932375
0.931937
0.931125
0.930750
0.930375
0.929562
0.929187
0.928812
0.928437
0.927688
0.927312
0.926937
0.926187
0.925750
0.925375
0.924563
0.924125
0.923750
0.923312
0.922562
0.922125
0.921687
0.921000
0.920625
0.920312
0.919875
0.919875
0.919937
0.920000
0.920062
0.919812
0.919500
0.918688
0.918062
0.917375
0.915937
0.915312
0.914625
0.914125
0.913125
0.912687
0.912187
0.911375
0.910937
0.910437
0.909625
0.909125
0.908687
0.908250
0.907625
0.907312
0.907062
0.906562
0.906250
0.905813
0.905438
0.904625
0.904187
0.903687
0.902875
0.902437
0.902062
0.901187
0.900813
0.900375
0.899938
0.899187
0.898750
0.898312
0.897562
0.897187
0.896750
0.896000
0.895687
0.895312
0.894937
0.894250
0.893812
0.893500
0.892687
0.892250
0.891812
0.891000
0.890562
0.890125
0.889813
0.888937
0.888625
0.888250
0.887625
0.887562
0.887562
0.887875
0.887937
0.888000
0.887875
0.887375
0.886937
0.886375
0.885000
0.884187
0.883438
0.882125
0.881562
0.881062
0.880562
0.879750
0.879375
0.879000
0.878250
0.877812
0.877375
0.876875
0.876187
0.875875
0.875625
0.875063
0.874750
0.874437
0.873750
0.873375
0.873000
0.872625
0.871813
0.871375
0.870938
0.870062
0.869625
0.869187
0.868375
0.867937
0.867562
0.867125
0.866375
0.865937
0.865563
0.864812
0.864500
0.864125
0.863437
0.863125
0.862750
0.862375
0.861687
0.861312
0.860937
0.860187
0.859750
0.859375
0.858625
0.858250
0.857875
0.857562
0.856875
0.856625
0.856562
0.856750
0.856875
0.857063
0.857125
0.857000
0.856687
0.856312
0.855187
0.854500
0.853688
0.852188
0.851500
0.850875
0.850312
0.849375
0.849000
0.848625
0.847812
0.847375
0.847000
0.846125
0.845812
0.845438
0.845187
0.844750
0.844500
0.844187
0.843687
0.843313
0.843000
0.842250
0.841875
0.841500
0.841062
0.840187
0.839875
0.839312
0.838500
0.838063
0.837687
0.836875
0.836563
0.836125
0.835750
0.835125
0.834687
0.834375
0.833750
0.833375
0.833063
0.832375
0.832062
0.831688
0.831375
0.830687
0.830312
0.830000
0.829312
0.828937
0.828562
0.827937
0.827562
0.827250
0.827062
0.826937
0.827125
0.827313
0.827750
0.827875
0.827812
0.827688
0.826875
0.826375
0.825813
0.824250
0.823437
0.822688
0.821437
0.820812
0.820375
0.820000
0.819312
0.818875
0.818500
0.817625
0.817250
0.816875
0.816312
0.816125
0.815875
0.815687
0.815250
0.815000
0.814750
0.814125
0.813750
0.813375
0.812563
0.812125
0.811688
0.811250
0.810437
0.810062
0.809625
0.808812
0.808438
0.808000
0.807312
0.807000
0.806687
0.806312
0.805687
0.805313
0.805000
0.804312
0.804000
0.803625
0.802937
0.802562
0.802188
0.801875
0.801187
0.800875
0.800562
0.800000
0.799750
0.799687
0.799937
0.800187
0.800562
0.800875
0.801250
0.801313
0.801187
0.800687
0.800312
0.799812
0.799187
0.797625
0.796812
0.796062
0.794563
0.794000
0.793562
0.792750
0.792437
0.792000
0.791562
0.790687
0.790313
0.790000
0.789500
0.789250
0.789062
0.788625
0.788375
0.788063
0.787812
0.787125
0.786750
0.786437
0.785562
0.785187
0.784750
0.783812
0.783437
0.782938
0.782562
0.781812
0.781312
0.781062
0.780312
0.780000
0.779687
0.779000
0.778750
0.778375
0.778063
0.777437
0.777062
0.776750
0.776062
0.775750
0.775500
0.774812
0.774500
0.774250
0.774000
0.773875
0.774125
0.774437
0.775187
0.775500
0.775750
0.775875
0.775875
0.775625
0.775375
0.774375
0.773750
0.773000
0.771375
0.770500
0.769687
0.768875
0.767687
0.767187
0.766812
0.766000
0.765562
0.765187
0.764375
0.764125
0.763875
0.763625
0.763125
0.762937
0.762687
0.762125
0.761875
0.761563
0.760875
0.760437
0.760062
0.759625
0.758812
0.758312
0.757937
0.757062
0.756688
0.756312
0.755625
0.755250
0.754938
0.754625
0.753937
0.753625
0.753313
0.752625
0.752375
0.752000
0.751437
0.751125
0.750812
0.750500
0.749812
0.749562
0.749187
0.748563
0.748312
0.748062
0.747875
0.748125
0.748500
0.748875
0.749812
0.750125
0.750437
0.750625
0.750562
0.750375
0.750125
0.749250
0.748625
0.747875
0.746250
0.745375
0.744500
0.742875
0.742250
0.741750
0.741250
0.740375
0.739937
0.739562
0.739000
0.738687
0.738500
0.738062
0.737812
0.737562
0.737312
0.736812
0.736562
0.736250
0.735625
0.735312
0.734875
0.734000
0.733625
0.733125
0.732750
0.731875
0.731437
0.731062
0.730375
0.730062
0.729750
0.729062
0.728812
0.728500
0.728250
0.727625
0.727375
0.727000
0.726437
0.726125
0.725812
0.725500
0.724875
0.724625
0.724312
0.723875
0.723562
0.723375
0.723312
0.723562
0.724000
0.724500
0.725500
0.725937
0.726313
0.726750
0.726812
0.726750
0.726250
0.725687
0.725062
0.724312
0.722562
0.721687
0.720750
0.719125
0.718312
0.717625
0.716375
0.715875
0.715437
0.715062
0.714562
0.714375
0.714188
0.713812
0.713625
0.713375
0.712875
0.712562
0.712312
0.711937
0.711312
0.710937
0.710562
0.709750
0.709312
0.708875
0.708000
0.707625
0.707187
0.706812
0.706125
0.705875
0.705562
0.704937
0.704625
0.704375
0.704062
0.703500
0.703187
0.702875
0.702312
0.701937
0.701688
0.701062
0.700813
0.700562
0.700312
0.699938
0.699938
0.700062
0.700875
0.701500
0.702125
0.703187
0.703625
0.703937
0.704250
0.704437
0.704250
0.703750
0.702562
0.701812
0.701062
0.699500
0.698625
0.697812
0.697062
0.695437
0.694625
0.693812
0.692500
0.692000
0.691500
0.690937
0.690813
0.690625
0.690375
0.690000
0.689812
0.689562
0.688937
0.688625
0.688312
0.687625
0.687250
0.686875
0.686500
0.685750
0.685312
0.684250
0.683500
0.683062
0.682687
0.682312
0.681687
0.681375
0.681062
0.680500
0.680250
0.679937
0.679375
0.679062
0.678812
0.678563
0.677937
0.677625
0.677312
0.676750
0.676500
0.676250
0.675937
0.675812
0.676000
0.676312
0.677500
0.678250
0.678937
0.680187
0.680750
0.681125
0.681562
0.681375
0.680875
0.680375
0.679125
0.678437
0.677750
0.676187
0.675437
0.674687
0.673250
0.672500
0.671687
0.670937
0.669437
0.668812
0.668375
0.667625
0.667437
0.667187
0.666812
0.666625
0.666438
0.666250
0.665687
0.665437
0.665062
0.664375
0.664000
0.663625
0.663250
0.662500
0.662063
0.661687
0.660937
0.660562
0.660125
0.659437
0.659125
0.658750
0.658437
0.657875
0.657562
0.657312
0.656812
0.656500
0.656250
0.655687
0.655437
0.655187
0.654875
0.654312
0.654062
0.653750
0.653187
0.653000
0.652750
0.652625
0.652750
0.653125
0.653750
0.655250
0.656000
0.656687
0.658000
0.658562
0.658937
0.658687
0.658250
0.657875
0.657250
0.656000
0.655312
0.654625
0.653375
0.652687
0.652062
0.650813
0.650125
0.649437
0.648687
0.647375
0.646812
0.646312
0.645688
0.645375
0.645187
0.644937
0.644562
0.644312
0.644062
0.643562
0.643250
0.642875
0.642187
0.641812
0.641437
0.641000
0.640250
0.639812
0.639437
0.638687
0.638313
0.637937
0.637250
0.636937
0.636687
0.636312
0.635750
0.635500
0.635188
0.634750
0.634375
0.634125
0.633625
0.633375
0.633125
0.632812
0.632250
0.632000
0.631688
0.631187
0.630938
0.630687
0.630250
0.630125
0.630063
0.630125
0.631000
0.631688
0.632500
0.634063
0.634875
0.635625
0.636687
0.636812
0.636687
0.636375
0.635437
0.634938
0.634313
0.632937
0.632312
0.631625
0.630938
0.629687
0.628937
0.628313
0.626812
0.626187
0.625500
0.624375
0.623812
0.623437
0.623187
0.622625
0.622437
0.622187
0.621750
0.621562
0.621250
0.620750
0.620312
0.620062
0.619687
0.619000
0.618625
0.618187
0.617437
0.617062
0.616625
0.615875
0.615500
0.615188
0.614875
0.614250
0.613937
0.613687
0.613125
0.612937
0.612625
0.612125
0.611875
0.611625
0.611375
0.610875
0.610625
0.610312
0.609812
0.609562
0.609250
0.608750
0.608562
0.608375
0.608187
0.608125
0.608437
0.608937
0.610500
0.611250
0.612062
0.612937
0.614438
0.615000
0.615125
0.614750
0.614375
0.613937
0.612812
0.612250
0.611625
0.610937
0.609750
0.609125
0.608562
0.607312
0.606625
0.605937
0.604625
0.604000
0.603437
0.603000
0.602250
0.602000
0.601687
0.601187
0.600937
0.600687
0.600187
0.599937
0.599688
0.599375
0.598750
0.598375
0.598062
0.597250
0.596875
0.596437
0.595562
0.595187
0.594750
0.594312
0.593625
0.593312
0.593062
0.592500
0.592250
0.591937
0.591438
0.591187
0.590937
0.590687
0.590125
0.589875
0.589562
0.589000
0.588750
0.588500
0.588000
0.587812
0.587687
0.587562
0.587812
0.588375
0.589062
0.590750
0.591687
0.592562
0.593562
0.595000
0.595125
0.595000
0.594562
0.594187
0.593687
0.592687
0.592125
0.591562
0.591000
0.589937
0.589375
0.588875
0.587750
0.587125
0.586437
0.585187
0.584687
0.584250
0.583750
0.583063
0.582750
0.582437
0.581937
0.581687
0.581438
0.581000
0.580750
0.580437
0.580187
0.579562
0.579250
0.578875
0.578000
0.577625
0.577187
0.576250
0.575875
0.575437
0.575062
0.574187
0.573750
0.573437
0.572750
0.572438
0.572125
0.571625
0.571375
0.571062
0.570812
0.570250
0.569937
0.569687
0.569188
0.568875
0.568562
0.568375
0.567937
0.567812
0.567687
0.568250
0.568812
0.569625
0.571687
0.572688
0.573750
0.574750
0.575813
0.575813
0.575750
0.575187
0.574812
0.574375
0.573437
0.573000
0.572438
0.571937
0.571000
0.570562
0.570125
0.569125
0.568562
0.567937
0.566875
0.566375
0.565937
0.565562
0.564937
0.564687
0.564437
0.564000
0.563750
0.563562
0.563187
0.562937
0.562750
0.562437
0.561812
0.561500
0.561063
0.560250
0.559812
0.559375
0.558562
0.558062
0.557625
0.557187
0.556312
0.555875
0.555437
0.554625
0.554250
0.553875
0.553563
0.552813
0.552500
0.552125
0.551500
0.551187
0.550812
0.550312
0.550062
0.549812
0.549687
0.549500
0.549562
0.549937
0.551312
0.552312
0.553375
0.555625
0.556687
0.557250
0.557562
0.557500
0.557375
0.557063
0.556312
0.555875
0.555375
0.554438
0.554000
0.553625
0.553250
0.552312
0.551875
0.551375
0.550312
0.549812
0.549312
0.548625
0.548312
0.548062
0.547875
0.547500
0.547312
0.547187
0.546875
0.546687
0.546437
0.546000
0.545750
0.545375
0.545062
0.544312
0.543875
0.543500
0.542750
0.542313
0.541875
0.541438
0.540687
0.540250
0.539812
0.539062
0.538750
0.538375
0.537562
0.537250
0.536875
0.536500
0.535875
0.535500
0.535125
0.534437
0.534062
0.533687
0.533187
0.532875
0.532687
0.532437
0.532375
0.532562
0.533125
0.534812
0.535875
0.537000
0.539312
0.539875
0.540062
0.540125
0.540000
0.539688
0.539375
0.538625
0.538187
0.537750
0.537125
0.536750
0.536500
0.536188
0.535625
0.535250
0.534875
0.534062
0.533687
0.533375
0.532938
0.532687
0.532500
0.532375
0.532062
0.531875
0.531687
0.531312
0.531062
0.530875
0.530625
0.530062
0.529750
0.529437
0.528750
0.528312
0.527937
0.527250
0.526812
0.526437
0.526062
0.525312
0.524938
0.524562
0.523875
0.523562
0.523250
0.522562
0.522187
0.521875
0.521563
0.520812
0.520437
0.520062
0.519437
0.519062
0.518687
0.518062
0.517750
0.517500
0.517313
0.517250
0.517437
0.518000
0.519687
0.520750
0.521875
0.523312
0.523562
0.523625
0.523687
0.523562
0.523500
0.523375
0.523125
0.522875
0.522750
0.522375
0.522187
0.521937
0.521687
0.521062
0.520688
0.520187
0.519312
0.518938
0.518625
0.518312
0.517750
0.517500
0.517250
0.516812
0.516562
0.516250
0.515812
0.515562
0.515250
0.515000
0.514375
0.514062
0.513750
0.513062
0.512687
0.512375
0.511687
0.511250
0.510937
0.510562
0.509875
0.509562
0.509250
0.508625
0.508312
0.508000
0.507375
0.507062
0.506750
0.506437
0.505813
0.505500
0.505187
0.504562
0.504250
0.503875
0.503437
0.503125
0.502937
0.502875
0.503062
0.503562
0.504312
0.506250
0.507125
0.507687
0.508250
0.508438
0.508687
0.508750
0.508937
0.508812
0.508750
0.508438
0.508250
0.508000
0.507812
0.507250
0.506937
0.506625
0.505875
0.505437
0.504938
0.504125
0.503750
0.503437
0.503187
0.502625
0.502437
0.502187
0.501750
0.501500
0.501250
0.500812
0.500625
0.500312
0.500125
0.499563
0.499250
0.498937
0.498312
0.498000
0.497688
0.497063
0.496813
0.496437
0.496188
0.495500
0.495250
0.494937
0.494375
0.494062
0.493750
0.493187
0.492875
0.492563
0.492250
0.491688
0.491375
0.491000
0.490375
0.490125
0.489812
0.489375
0.489250
0.489188
0.489313
0.490438
0.491313
0.492375
0.493750
0.494125
0.494375
0.494687
0.495063
0.495125
0.495187
0.494937
0.494875
0.494750
0.494375
0.494125
0.493875
0.493750
0.493125
0.492750
0.492375
0.491438
0.490937
0.490500
0.489812
0.489438
0.489062
0.488750
0.488187
0.488000
0.487688
0.487188
0.487063
0.486813
0.486375
0.486187
0.485938
0.485688
0.485188
0.484938
0.484687
0.484125
0.483812
0.483500
0.482875
0.482625
0.482313
0.482063
0.481375
0.481188
0.480812
0.480313
0.480000
0.479688
0.479125
0.478812
0.478563
0.478187
0.477562
0.477250
0.476938
0.476437
0.476187
0.476000
0.475813
0.475875
0.476187
0.476813
0.478563
0.479375
0.479937
0.480687
0.481000
0.481188
0.481313
0.481438
0.481375
0.481250
0.481062
0.480875
0.480750
0.480313
0.480063
0.479813
0.479500
0.478750
0.478375
0.477937
0.477000
0.476625
0.476375
0.475625
0.475375
0.475062
0.474813
0.474313
0.474063
0.473938
0.473500
0.473375
0.473125
0.472750
0.472500
0.472313
0.472063
0.471625
0.471375
0.471125
0.470562
0.470313
0.470000
0.469438
0.469250
0.468937
0.468563
0.468062
0.467750
0.467563
0.466938
0.466688
0.466375
0.465937
0.465625
0.465313
0.465125
0.464500
0.464250
0.464000
0.463437
0.463187
0.462938
0.462812
0.462562
0.462750
0.463063
0.464438
0.465250
0.465937
0.466875
0.467187
0.467500
0.467687
0.467875
0.467813
0.467750
0.467563
0.467438
0.467313
0.466875
0.466625
0.466438
0.466125
0.465500
0.465125
0.464750
0.463875
0.463437
0.463063
0.462375
0.462125
0.461813
0.461625
0.461188
0.461000
0.460812
0.460438
0.460312
0.460188
0.459813
0.459625
0.459375
0.459188
0.458812
0.458562
0.458375
0.457812
0.457563
0.457313
0.456813
0.456500
0.456313
0.456000
0.455500
0.455187
0.454875
0.454375
0.454062
0.453813
0.453625
0.453125
0.452813
0.452562
0.452188
0.451875
0.451688
0.451187
0.450938
0.450687
0.450437
0.450000
0.449750
0.449562
0.449375
0.449375
0.449562
0.450750
0.451500
0.452188
0.452750
0.453563
0.453875
0.454000
0.454125
0.454188
0.454062
0.453938
0.453813
0.453688
0.453500
0.453125
0.452875
0.452625
0.452062
0.451688
0.451313
0.450437
0.450063
0.449688
0.449375
0.448750
0.448500
0.448250
0.447938
0.447688
0.447562
0.447250
0.447000
0.446875
0.446750
0.446375
0.446250
0.446062
0.445688
0.445500
0.445313
0.445063
0.444563
0.444375
0.444188
0.443625
0.443375
0.443125
0.442625
0.442375
0.442062
0.441812
0.441375
0.441125
0.440813
0.440375
0.440188
0.439938
0.439438
0.439250
0.439000
0.438813
0.438375
0.438188
0.438000
0.437500
0.437375
0.437125
0.436812
0.436812
0.436812
0.436937
0.438125
0.438813
0.439438
0.440313
0.440625
0.440875
0.441188
0.441188
0.441125
0.441125
0.440875
0.440750
0.440563
0.440125
0.439875
0.439625
0.439063
0.438750
0.438375
0.438000
0.437188
0.436812
0.436437
0.435875
0.435562
0.435438
0.435188
0.434938
0.434750
0.434750
0.434438
0.434375
0.434250
0.433937
0.433812
0.433625
0.433438
0.433062
0.432813
0.432625
0.432187
0.431937
0.431688
0.431250
0.431000
0.430750
0.430500
0.430000
0.429750
0.429562
0.429000
0.428813
0.428563
0.428063
0.427813
0.427562
0.427312
0.426813
0.426625
0.426313
0.425875
0.425625
0.425438
0.425000
0.424875
0.424812
0.424688
0.425063
0.425563
0.426187
0.427375
0.427688
0.428125
0.428563
0.428688
0.428813
0.428750
0.428688
0.428563
0.428500
0.428125
0.427938
0.427750
0.427500
0.427000
0.426813
0.426437
0.425687
0.425250
0.424875
0.424188
0.423875
0.423500
0.423250
0.422875
0.422688
0.422500
0.422187
0.422062
0.421937
0.421688
0.421500
0.421375
0.421250
0.420938
0.420688
0.420563
0.420125
0.419875
0.419625
0.419187
0.418875
0.418688
0.418438
0.417937
0.417687
0.417437
0.416938
0.416688
0.416438
0.415937
0.415687
0.415437
0.415250
0.414750
0.414500
0.414250
0.413813
0.413563
0.413313
0.412875
0.412750
0.412562
0.412500
0.412562
0.412938
0.413437
0.414688
0.415188
0.415563
0.415875
0.416312
0.416438
0.416438
0.416375
0.416312
0.416250
0.416063
0.415875
0.415625
0.415437
0.414938
0.414688
0.414375
0.413750
0.413375
0.413000
0.412250
0.411875
0.411625
0.411313
0.410812
0.410625
0.410500
0.410188
0.410062
0.409938
0.409687
0.409563
0.409375
0.409250
0.409000
0.408875
0.408688
0.408375
0.408125
0.407938
0.407500
0.407250
0.407000
0.406750
0.406250
0.406000
0.405750
0.405313
0.405063
0.404813
0.404375
0.404250
0.403938
0.403688
0.403313
0.403063
0.402813
0.402375
0.402125
0.401938
0.401688
0.401375
0.401187
0.401063
0.400937
0.401000
0.401250
0.402188
0.402750
0.403250
0.403625
0.404188
0.404375
0.404438
0.404500
0.404500
0.404438
0.404250
0.404063
0.403938
0.403688
0.403313
0.403063
0.402813
0.402250
0.401875
0.401500
0.400750
0.400438
0.400125
0.399750
0.399250
0.399063
0.398813
0.398437
0.398313
0.398187
0.397938
0.397812
0.397688
0.397625
0.397313
0.397125
0.396937
0.396625
0.396375
0.396188
0.395750
0.395500
0.395250
0.395063
0.394625
0.394437
0.394125
0.393625
0.393313
0.393187
0.392875
0.392375
0.392125
0.392000
0.391562
0.391313
0.391125
0.390750
0.390500
0.390250
0.390063
0.389688
0.389500
0.389250
0.388813
0.388687
0.388500
0.388187
0.388125
0.388063
0.388187
0.389000
0.389500
0.389937
0.390625
0.391000
0.391188
0.391375
0.391375
0.391438
0.391313
0.391125
0.391000
0.390812
0.390438
0.390188
0.390000
0.389500
0.389188
0.388875
0.388500
0.387812
0.387438
0.387063
0.386563
0.386313
0.386125
0.385750
0.385688
0.385500
0.385375
0.385125
0.385000
0.384938
0.384688
0.384500
0.384438
0.384187
0.383875
0.383687
0.383438
0.383063
0.382812
0.382625
0.382187
0.381937
0.381688
0.381500
0.381063
0.380813
0.380563
0.380188
0.379938
0.379750
0.379250
0.379125
0.378875
0.378688
0.378313
0.378125
0.378000
0.377625
0.377375
0.377187
0.376750
0.376563
0.376437
0.376312
0.376125
0.376125
0.376250
0.377063
0.377562
0.378000
0.378625
0.378875
0.379000
0.379125
0.379125
0.379125
0.379000
0.378688
0.378563
0.378375
0.377875
0.377625
0.377375
0.377063
0.376500
0.376188
0.375813
0.375062
0.374688
0.374438
0.374125
0.373688
0.373563
0.373375
0.373000
0.372938
0.372750
0.372563
0.372375
0.372250
0.372063
0.371750
0.371625
0.371375
0.370938
0.370750
0.370500
0.370063
0.369750
0.369500
0.369313
0.368813
0.368625
0.368375
0.367875
0.367625
0.367375
0.366937
0.366688
0.366438
0.366250
0.365750
0.365500
0.365313
0.364812
0.364563
0.364313
0.363875
0.363687
0.363563
0.363375
0.363188
0.363188
0.363438
0.364250
0.364563
0.364938
0.365500
0.365687
0.365813
0.365813
0.365750
0.365687
0.365563
0.365250
0.365125
0.364875
0.364375
0.364125
0.363875
0.363563
0.363000
0.362625
0.362250
0.361438
0.361063
0.360750
0.360500
0.359938
0.359688
0.359500
0.359125
0.358875
0.358813
0.358500
0.358312
0.358188
0.358063
0.357750
0.357500
0.357313
0.356938
0.356687
0.356438
0.355938
0.355687
0.355437
0.355125
0.354688
0.354375
0.354187
0.353625
0.353375
0.353125
0.352625
0.352375
0.352062
0.351813
0.351312
0.351125
0.350875
0.350312
0.350062
0.349813
0.349375
0.349187
0.349000
0.348875
0.348813
0.349063
0.349375
0.350188
0.350500
0.350813
0.351187
0.351250
0.351250
0.351250
0.351000
0.350875
0.350750
0.350312
0.350125
0.349875
0.349625
0.349125
0.348813
0.348563
0.347875
0.347500
0.347187
0.346438
0.346125
0.345813
0.345562
0.345187
0.344938
0.344813
0.344438
0.344375
0.344187
0.343937
0.343812
0.343625
0.343563
0.343188
0.343062
0.342750
0.342375
0.342125
0.341938
0.341438
0.341125
0.340937
0.340688
0.340250
0.340000
0.339750
0.339250
0.339000
0.338813
0.338313
0.338063
0.337875
0.337625
0.337125
0.336937
0.336625
0.336188
0.336000
0.335750
0.335438
0.335375
0.335250
0.335250
0.335687
0.336063
0.336375
0.336937
0.337125
0.337250
0.337375
0.337375
0.337250
0.337188
0.336812
0.336688
0.336437
0.336000
0.335750
0.335500
0.335250
0.334625
0.334313
0.334000
0.333250
0.332875
0.332563
0.331875
0.331688
0.331438
0.331187
0.330813
0.330687
0.330500
0.330250
0.330000
0.329875
0.329625
0.329437
0.329250
0.329062
0.328688
0.328438
0.328187
0.327750
0.327563
0.327312
0.326813
0.326500
0.326313
0.326063
0.325563
0.325312
0.325063
0.324563
0.324313
0.324063
0.323625
0.323312
0.323063
0.322875
0.322375
0.322188
0.321938
0.321563
0.321312
0.321125
0.321125
0.321063
0.321375
0.321687
0.322313
0.322500
0.322750
0.323000
0.323000
0.323000
0.322937
0.322750
0.322562
0.322438
0.322062
0.321813
0.321563
0.321063
0.320812
0.320500
0.320250
0.319563
0.319187
0.318875
0.318250
0.317937
0.317750
0.317375
0.317188
0.317000
0.316875
0.316625
0.316563
0.316438
0.316188
0.316063
0.315875
0.315562
0.315375
0.315188
0.315000
0.314500
0.314250
0.314125
0.313563
0.313313
0.313125
0.312625
0.312438
0.312188
0.311938
0.311500
0.311250
0.311063
0.310625
0.310375
0.310188
0.309938
0.309563
0.309313
0.309125
0.308750
0.308500
0.308313
0.308063
0.307938
0.307875
0.307875
0.308375
0.308750
0.309000
0.309500
0.309625
0.309750
0.309750
0.309687
0.309625
0.309438
0.309188
0.308938
0.308750
0.308250
0.308000
0.307750
0.307188
0.306875
0.306563
0.306250
0.305625
0.305313
0.305000
0.304500
0.304375
0.304188
0.303875
0.303750
0.303625
0.303562
0.303375
0.303187
0.303063
0.302813
0.302625
0.302500
0.302188
0.301875
0.301750
0.301500
0.301063
0.300813
0.300688
0.300188
0.300000
0.299750
0.299563
0.299125
0.298938
0.298750
0.298250
0.298125
0.297875
0.297438
0.297188
0.297000
0.296750
0.296313
0.296125
0.295938
0.295625
0.295500
0.295375
0.295375
0.295625
0.295938
0.296187
0.296688
0.296875
0.297000
0.297125
0.297062
0.296937
0.296750
0.296688
0.296500
0.296250
0.295875
0.295625
0.295375
0.294937
0.294625
0.294437
0.293813
0.293500
0.293125
0.292875
0.292375
0.292125
0.291938
0.291625
0.291500
0.291375
0.291125
0.291000
0.290875
0.290750
0.290500
0.290375
0.290250
0.289875
0.289688
0.289500
0.289250
0.288812
0.288687
0.288437
0.288000
0.287812
0.287562
0.287188
0.286937
0.286750
0.286563
0.286188
0.286000
0.285750
0.285313
0.285125
0.285000
0.284500
0.284375
0.284125
0.283938
0.283563
0.283375
0.283250
0.283062
0.283062
0.283188
0.283750
0.284063
0.284312
0.284500
0.284750
0.284875
0.284813
0.284687
0.284625
0.284438
0.284125
0.283938
0.283750
0.283563
0.283125
0.282938
0.282625
0.282187
0.281938
0.281625
0.281000
0.280750
0.280500
0.280313
0.279875
0.279750
0.279625
0.279375
0.279250
0.279188
0.279063
0.278813
0.278688
0.278625
0.278313
0.278188
0.278000
0.277625
0.277500
0.277312
0.277125
0.276625
0.276437
0.276250
0.275875
0.275625
0.275438
0.275063
0.274812
0.274688
0.274437
0.274125
0.273937
0.273750
0.273375
0.273187
0.273000
0.272688
0.272500
0.272312
0.272187
0.271813
0.271688
0.271563
0.271250
0.271188
0.271250
0.271625
0.271875
0.272187
0.272375
0.272750
0.272812
0.272875
0.272750
0.272625
0.272563
0.272312
0.272063
0.271937
0.271750
0.271312
0.271125
0.270875
0.270500
0.270250
0.270000
0.269750
0.269188
0.268875
0.268625
0.268250
0.268063
0.267938
0.267625
0.267500
0.267375
0.267250
0.267062
0.266937
0.266813
0.266500
0.266375
0.266250
0.265875
0.265750
0.265563
0.265375
0.265000
0.264750
0.264562
0.264188
0.264000
0.263813
0.263375
0.263188
0.263000
0.262812
0.262438
0.262313
0.262063
0.261750
0.261563
0.261375
0.261063
0.260812
0.260625
0.260437
0.260062
0.259875
0.259750
0.259438
0.259313
0.259250
0.259187
0.259313
0.259500
0.259813
0.260250
0.260437
0.260563
0.260563
0.260500
0.260437
0.260188
0.260000
0.259875
0.259688
0.259313
0.259063
0.258875
0.258438
0.258250
0.258000
0.257750
0.257250
0.257000
0.256687
0.256312
0.256063
0.255938
0.255687
0.255563
0.255437
0.255375
0.255188
0.255063
0.254938
0.254688
0.254562
0.254438
0.254125
0.253938
0.253750
0.253625
0.253250
0.253000
0.252875
0.252438
0.252313
0.252125
0.251688
0.251563
0.251375
0.251188
0.250875
0.250688
0.250500
0.250187
0.250000
0.249813
0.249500
0.249313
0.249187
0.249000
0.248688
0.248563
0.248375
0.248063
0.247875
0.247750
0.247563
0.247500
0.247563
0.247750
0.248187
0.248375
0.248563
0.248750
0.248813
0.248750
0.248688
0.248500
0.248375
0.248187
0.247813
0.247563
0.247312
0.246875
0.246688
0.246500
0.246312
0.245750
0.245563
0.245313
0.244875
0.244625
0.244500
0.244188
0.244062
0.243938
0.243938
0.243688
0.243563
0.243438
0.243250
0.243125
0.243000
0.242750
0.242563
0.242375
0.242188
0.241812
0.241625
0.241500
0.241125
0.241000
0.240750
0.240438
0.240250
0.240125
0.239937
0.239563
0.239438
0.239250
0.238937
0.238813
0.238625
0.238250
0.238125
0.237937
0.237750
0.237375
0.237188
0.237063
0.236813
0.236625
0.236500
0.236438
0.236500
0.236687
0.236875
0.237313
0.237500
0.237563
0.237688
0.237563
0.237500
0.237375
0.237125
0.236937
0.236750
0.236313
0.236125
0.235938
0.235500
0.235313
0.235125
0.234938
0.234500
0.234250
0.234000
0.233562
0.233375
0.233250
0.232938
0.232813
0.232750
0.232625
0.232375
0.232313
0.232250
0.232000
0.231875
0.231813
0.231438
0.231250
0.231125
0.231000
0.230625
0.230438
0.230250
0.229875
0.229750
0.229500
0.229250
0.229000
0.228813
0.228688
0.228375
0.228188
0.228063
0.227688
0.227562
0.227313
0.227125
0.226813
0.226625
0.226500
0.226187
0.226063
0.225938
0.225688
0.225688
0.225688
0.225875
0.226313
0.226563
0.226688
0.226875
0.226875
0.226875
0.226688
0.226563
0.226437
0.226313
0.225938
0.225750
0.225563
0.225125
0.224938
0.224813
0.224437
0.224250
0.224000
0.223750
0.223312
0.223125
0.222938
0.222625
0.222563
0.222438
0.222188
0.222125
0.222063
0.221938
0.221750
0.221688
0.221563
0.221312
0.221188
0.221062
0.220750
0.220563
0.220438
0.220187
0.219875
0.219750
0.219563
0.219250
0.219000
0.218938
0.218688
0.218438
0.218250
0.218125
0.217812
0.217563
0.217438
0.217125
0.217000
0.216813
0.216625
0.216313
0.216188
0.216062
0.215875
0.215688
0.215688
0.215813
0.216000
0.216188
0.216375
0.216625
0.216750
0.216750
0.216688
0.216625
0.216500
0.216188
0.216062
0.215875
0.215688
0.215313
0.215062
0.214937
0.214625
0.214438
0.214250
0.213813
0.213563
0.213375
0.213188
0.212875
0.212750
0.212625
0.212438
0.212375
0.212250
0.212125
0.211937
0.211937
0.211875
0.211625
0.211500
0.211375
0.211125
0.211000
0.210750
0.210688
0.210313
0.210188
0.210000
0.209687
0.209500
0.209313
0.209063
0.208875
0.208750
0.208625
0.208375
0.208188
0.208063
0.207750
0.207625
0.207438
0.207188
0.207063
0.206938
0.206750
0.206500
0.206313
0.206250
0.206000
0.205875
0.205813
0.206000
0.206125
0.206375
0.206563
0.206813
0.206875
0.206938
0.206813
0.206750
0.206687
0.206313
0.206250
0.206063
0.205938
0.205500
0.205375
0.205188
0.204875
0.204750
0.204500
0.204125
0.203938
0.203813
0.203562
0.203313
0.203187
0.203063
0.202938
0.202813
0.202750
0.202688
0.202500
0.202438
0.202375
0.202125
0.202000
0.201938
0.201625
0.201500
0.201312
0.201188
0.200875
0.200813
0.200563
0.200312
0.200188
0.200000
0.199750
0.199563
0.199437
0.199375
0.199063
0.198938
0.198750
0.198563
0.198375
0.198250
0.198000
0.197875
0.197750
0.197625
0.197375
0.197250
0.197063
0.196813
0.196750
0.196750
0.196625
0.196688
0.196938
0.197125
0.197375
0.197500
0.197500
0.197562
0.197438
0.197375
0.197125
0.196938
0.196813
0.196625
0.196187
0.196063
0.195938
0.195563
0.195375
0.195187
0.195000
0.194688
0.194437
0.194250
0.193938
0.193875
0.193813
0.193625
0.193500
0.193438
0.193313
0.193188
0.193063
0.193000
0.192813
0.192687
0.192563
0.192250
0.192062
0.191938
0.191750
0.191438
0.191250
0.191063
0.190750
0.190563
0.190438
0.190062
0.189938
0.189750
0.189625
0.189250
0.189125
0.188875
0.188625
0.188500
0.188375
0.188000
0.187750
0.187625
0.187438
0.187125
0.187000
0.186813
0.186563
0.186500
0.186438
0.186625
0.186750
0.186875
0.186937
0.186937
0.186937
0.186875
0.186625
0.186438
0.186250
0.186063
0.185750
0.185500
0.185312
0.184938
0.184687
0.184500
0.184250
0.184000
0.183750
0.183625
0.183125
0.182938
0.182812
0.182438
0.182375
0.182188
0.182063
0.181875
0.181813
0.181688
0.181438
0.181250
0.181125
0.180875
0.180688
0.180500
0.180125
0.179938
0.179750
0.179500
0.179063
0.178875
0.178625
0.178250
0.178000
0.177813
0.177375
0.177188
0.176938
0.176813
0.176375
0.176125
0.175875
0.175437
0.175188
0.174875
0.174375
0.174125
0.173875
0.173625
0.173125
0.172813
0.172563
0.172063
0.171875
0.171688
0.171625
0.171563
0.171500
0.171375
0.171125
0.170875
0.170625
0.170000
0.169750
0.169438
0.169125
0.168438
0.168125
0.167813
0.167125
0.166813
0.166500
0.165875
0.165563
0.165250
0.164937
0.164313
0.163937
0.163688
0.163188
0.162938
0.162688
0.162250
0.161938
0.161687
0.161437
0.161000
0.160750
0.160500
0.159938
0.159688
0.159438
0.158875
0.158625
0.158313
0.158063
0.157500
0.157188
0.156875
0.156375
0.156063
0.155813
0.155250
0.154938
0.154688
0.154438
0.153875
0.153563
0.153313
0.152750
0.152437
0.152125
0.151563
0.151250
0.150938
0.150688
0.150063
0.149875
0.149563
0.149063
0.148750
0.148563
0.148375
0.148125
0.148000
0.147938
0.147625
0.147313
0.147125
0.146563
0.146313
0.146000
0.145688
0.145063
0.144750
0.144375
0.143750
0.143438
0.143187
0.142562
0.142250
0.141937
0.141688
0.141000
0.140687
0.140438
0.139875
0.139563
0.139375
0.138875
0.138625
0.138375
0.138125
0.137563
0.137313
0.137063
0.136500
0.136250
0.136000
0.135500
0.135188
0.134875
0.134625
0.134063
0.133750
0.133500
0.132938
0.132687
0.132438
0.131938
0.131625
0.131438
0.131125
0.130625
0.130375
0.130125
0.129562
0.129313
0.129063
0.128813
0.128313
0.128000
0.127813
0.127313
0.127063
0.126813
0.126312
0.126000
0.125813
0.125563
0.125125
0.124937
0.124812
0.124625
0.124500
0.124437
0.124187
0.124000
0.123812
0.123563
0.123062
0.122812
0.122625
0.122187
0.121875
0.121625
0.121125
0.120875
0.120625
0.120438
0.119938
0.119750
0.119500
0.119000
0.118750
0.118562
0.118187
0.118000
0.117813
0.117688
0.117250
0.117125
0.116938
0.116500
0.116188
0.116062
0.115562
0.115375
0.115125
0.114937
0.114437
0.114250
0.114000
0.113500
0.113312
0.113125
0.112875
0.112437
0.112187
0.112000
0.111562
0.111312
0.111125
0.110687
0.110563
0.110250
0.110125
0.109687
0.109500
0.109312
0.108875
0.108625
0.108438
0.108062
0.107813
0.107625
0.107437
0.107000
0.106813
0.106562
0.106187
0.106000
0.105813
0.105562
0.105375
0.105312
0.105250
0.105062
0.104938
0.104750
0.104437
0.104188
0.104000
0.103562
0.103375
0.103188
0.102937
0.102500
0.102312
0.102063
0.101625
0.101437
0.101250
0.100875
0.100687
0.100437
0.100250
0.099812
0.099687
0.099500
0.099250
0.099000
0.098875
0.098688
0.098312
0.098125
0.097938
0.097562
0.097375
0.097250
0.096875
0.096688
0.096437
0.096250
0.095937
0.095625
0.095563
0.095125
0.094938
0.094750
0.094375
0.094188
0.094062
0.093875
0.093500
0.093375
0.093125
0.092875
0.092625
0.092437
0.092063
0.091875
0.091688
0.091562
0.091188
0.091000
0.090812
0.090500
0.090313
0.090187
0.089750
0.089625
0.089500
0.089437
0.089188
0.089125
0.089062
0.088812
0.088688
0.088563
0.088187
0.088000
0.087875
0.087625
0.087312
0.087063
0.086875
0.086562
0.086312
0.086187
0.086000
0.085687
0.085500
0.085312
0.084937
0.084813
0.084625
0.084313
0.084187
0.084000
0.083875
0.083563
0.083500
0.083312
0.082938
0.082812
0.082625
0.082375
0.082188
0.082000
0.081813
0.081562
0.081312
0.081188
0.080875
0.080750
0.080500
0.080250
0.080062
0.079938
0.079688
0.079437
0.079250
0.079062
0.078813
0.078687
0.078500
0.078187
0.078000
0.077875
0.077688
0.077375
0.077250
0.077125
0.076812
0.076625
0.076438
0.076125
0.076000
0.075813
0.075687
0.075437
0.075313
0.075187
0.075062
0.075000
0.074875
0.074875
0.074625
0.074500
0.074375
0.074062
0.073937
0.073750
0.073375
0.073250
0.073063
0.072938
0.072625
0.072500
0.072375
0.072125
0.071937
0.071875
0.071563
0.071375
0.071188
0.071062
0.070812
0.070688
0.070562
0.070313
0.070187
0.070062
0.069750
0.069625
0.069500
0.069375
0.069063
0.069000
0.068812
0.068625
0.068438
0.068313
0.068000
0.067875
0.067750
0.067625
0.067375
0.067250
0.067062
0.066812
0.066688
0.066625
0.066375
0.066188
0.066062
0.065937
0.065750
0.065563
0.065438
0.065187
0.065062
0.064938
0.064812
0.064562
0.064437
0.064250
0.064000
0.063937
0.063750
0.063625
0.063500
0.063437
0.063375
0.063313
0.063188
0.063062
0.062875
0.062812
0.062687
0.062375
0.062312
0.062188
0.062000
0.061750
0.061687
0.061563
0.061375
0.061187
0.061062
0.060812
0.060687
0.060625
0.060438
0.060250
0.060125
0.060062
0.059812
0.059687
0.059625
0.059375
0.059313
0.059188
0.059063
0.058812
0.058750
0.058625
0.058375
0.058250
0.058125
0.057875
0.057750
0.057687
0.057500
0.057313
0.057187
0.057062
0.056750
0.056625
0.056500
0.056437
0.056188
0.056063
0.055938
0.055687
0.055562
0.055500
0.055250
0.055125
0.055000
0.054875
0.054625
0.054500
0.054375
0.054125
0.054062
0.053937
0.053688
0.053562
0.053500
0.053375
0.053250
0.053125
0.053125
0.052937
0.052875
0.052750
0.052500
0.052375
0.052250
0.052125
0.051937
0.051813
0.051688
0.051500
0.051437
0.051312
0.051125
0.051062
0.051000
0.050875
0.050687
0.050625
0.050625
0.050437
0.050375
0.050375
0.050375
0.050437
0.050500
0.050500
0.050563
0.050687
0.050625
0.050687
0.050687
0.050813
0.050750
0.050750
0.050813
0.050813
0.050813
0.050937
0.050937
0.051000
0.051000
0.051062
0.051062
0.051125
0.051187
0.051250
0.051312
0.051375
0.051437
0.051437
0.051437
0.051437
0.051437
0.051500
0.051500
0.051375
0.051437
0.051375
0.051375
0.051250
0.051187
0.051187
0.051187
0.051187
0.051062
0.051125
0.051125
0.051125
0.051187
0.051187
0.051187
0.051187
0.051125
0.051125
0.051062
0.051000
0.050937
0.050937
0.050875
0.050813
0.050750
0.050813
0.050750
0.050750
0.050687
0.050625
0.050563
0.050563
0.050500
0.050500
0.050437
0.050437
0.050375
0.050375
0.050313
0.050313
0.050250
0.050250
0.050187
0.050125
0.050062
0.050000
0.049938
0.049875
0.049875
0.049812
0.049750
0.049688
0.049688
0.049625
0.049625
0.049562
0.049562
0.049500
0.049500
0.049500
0.049500
0.049437
0.049375
0.049312
0.049312
0.049250
0.049250
0.049187
0.049125
0.049063
0.049063
0.049000
0.049000
0.049000
0.049000
0.049000
0.049125
0.049063
0.049063
0.049125
0.049063
0.049000
0.048937
0.048937
0.048875
0.048875
0.048750
0.048687
0.048625
0.048625
0.048562
0.048500
0.048500
0.048437
0.048312
0.048312
0.048187
0.048125
0.048125
0.048062
0.048062
0.048000
0.047938
0.047938
0.047812
0.047812
0.047750
0.047625
0.047625
0.047500
0.047437
0.047375
0.047375
0.047250
0.047188
0.047188
0.047188
0.047062
0.047000
0.046937
0.046875
0.046875
0.046813
0.046813
0.046687
0.046625
0.046625
0.046500
0.046500
0.046500
0.046437
0.046312
0.046250
0.046250
0.046188
0.046188
0.046188
0.046188
0.046188
0.046250
0.046188
0.046250
0.046188
0.046125
0.046062
0.046062
0.046000
0.045875
0.045938
0.045812
0.045812
0.045687
0.045687
0.045562
0.045500
0.045375
0.045437
0.045375
0.045250
0.045187
0.045187
0.045062
0.045000
0.044937
0.044937
0.044875
0.044875
0.044813
0.044750
0.044687
0.044687
0.044625
0.044562
0.044500
0.044375
0.044375
0.044312
0.044312
0.044187
0.044250
0.044125
0.044063
0.044063
0.043937
0.043875
0.043812
0.043812
0.043750
0.043688
0.043625
0.043563
0.043500
0.043500
0.043438
0.043375
0.043312
0.043250
0.043187
0.043125
0.043125
0.043063
0.043063
0.043063
0.043063
0.043063
0.043000
0.043000
0.043000
0.042937
0.042875
0.042813
0.042750
0.042750
0.042687
0.042625
0.042562
0.042500
0.042438
0.042438
0.042375
0.042312
0.042188
0.042188
0.042125
0.042125
0.042000
0.042000
0.042000
0.041937
0.041937
0.041875
0.041813
0.041813
0.041750
0.041750
0.041687
0.041625
0.041625
0.041500
0.041500
0.041500
0.041375
0.041375
0.041312
0.041312
0.041250
0.041250
0.041187
0.041125
0.041062
0.041062
0.040937
0.040937
0.040875
0.040812
0.040750
0.040687
0.040625
0.040625
0.040563
0.040563
0.040500
0.040500
0.040437
0.040437
0.040437
0.040500
0.040437
0.040500
0.040437
0.040375
0.040313
0.040250
0.040250
0.040125
0.040062
0.040000
0.039937
0.039875
0.039875
0.039812
0.039875
0.039875
0.039812
0.039750
0.039750
0.039687
0.039625
0.039687
0.039687
0.039687
0.039750
0.040313
0.040437
0.040500
0.040563
0.040563
0.040563
0.040500
0.040500
0.040500
0.040437
0.040437
0.040375
0.040375
0.040313
0.040313
0.040313
0.040375
0.040313
0.040375
0.040313
0.040250
0.040187
0.040187
0.040062
0.040062
0.040000
0.040000
0.040000
0.039937
0.039875
0.039875
0.039812
0.039812
0.039750
0.039750
0.039750
0.039687
0.039687
0.039687
0.039750
0.039750
0.039875
0.039812
0.039812
0.039875
0.039875
0.039812
0.039812
0.039812
0.039812
0.039687
0.039687
0.039562
0.039437
0.039375
0.039250
0.039187
0.039000
0.038937
0.038875
0.038750
0.038750
0.038625
0.038562
0.038500
0.038437
0.038500
0.038437
0.038437
0.038375
0.038312
0.038312
0.038250
0.038187
0.038125
0.038125
0.038063
0.038063
0.038000
0.037937
0.037875
0.037875
0.037875
0.037875
0.037813
0.037813
0.037750
0.037625
0.037625
0.037562
0.037625
0.037625
0.037625
0.037687
0.037625
0.037625
0.037625
0.037562
0.037562
0.037625
0.037750
0.037813
0.037875
0.037875
0.037937
0.038000
0.038000
0.038063
0.038063
0.038000
0.037813
0.037750
0.037625
0.037500
0.037312
0.037188
0.037125
0.036875
0.036812
0.036750
0.036562
0.036500
0.036438
0.036375
0.036188
0.036188
0.036125
0.036000
0.035937
0.036000
0.035875
0.035813
0.035687
0.035687
0.035625
0.035562
0.035562
0.035437
0.035375
0.035375
0.035250
0.035250
0.035125
0.035125
0.034938
0.034938
0.034875
0.034812
0.034750
0.034750
0.034687
0.034625
0.034562
0.034562
0.034500
0.034437
0.034437
0.034375
0.034375
0.034312
0.034375
0.034312
0.034375
0.034312
0.034375
0.034312
0.034312
0.034187
0.034187
0.034125
0.034063
0.033937
0.033937
0.033875
0.033812
0.033750
0.033750
0.033687
0.033562
0.033562
0.033562
0.033562
0.033500
0.033438
0.033375
0.033313
0.033250
0.033250
0.033187
0.033187
0.033062
0.033000
0.032938
0.032875
0.032750
0.032687
0.032625
0.032500
0.032500
0.032437
0.032375
0.032313
0.032250
0.032250
0.032187
0.032125
0.032063
0.032000
0.031937
0.031875
0.031875
0.031750
0.031750
0.031688
0.031625
0.031562
0.031562
0.031500
0.031500
0.031500
0.031437
0.031437
0.031437
0.031437
0.031375
0.031437
0.031437
0.031375
0.031375
0.031250
0.031250
0.031125
0.031125
0.031125
0.031000
0.031000
0.031000
0.030938
0.030813
0.030750
0.030750
0.030687
0.030625
0.030625
0.030500
0.030500
0.030437
0.030437
0.030375
0.030375
0.030250
0.030250
0.030188
0.030250
0.030188
0.030062
0.030062
0.030125
0.030000
0.030062
0.030000
0.029938
0.029938
0.029938
0.029875
0.029812
0.029750
0.029687
0.029750
0.029625
0.029625
0.029562
0.029562
0.029500
0.029500
0.029375
0.029375
0.029313
0.029188
0.029188
0.029188
0.029125
0.029125
0.029125
0.029062
0.029125
0.029125
0.029062
0.029062
0.029062
0.029062
0.029000
0.029062
0.029000
0.028937
0.028937
0.028875
0.028875
0.028750
0.028750
0.028687
0.028562
0.028562
0.028500
0.028500
0.028437
0.028437
0.028437
0.028312
0.028250
0.028312
0.028187
0.028125
0.028125
0.028125
0.028062
0.028125
0.028062
0.028062
0.028000
0.027937
0.027875
0.027937
0.027875
0.027875
0.027813
0.027813
0.027688
0.027750
0.027688
0.027688
0.027625
0.027625
0.027562
0.027562
0.027437
0.027437
0.027437
0.027375
0.027375
0.027312
0.027312
0.027250
0.027250
0.027188
0.027188
0.027125
0.027188
0.027188
0.027250
0.027125
0.027188
0.027125
0.027125
0.027063
0.027063
0.027000
0.027000
0.026937
0.026875
0.026875
0.026875
0.026812
0.026750
0.026750
0.026625
0.026625
0.026625
0.026563
0.026563
0.026500
0.026500
0.026500
0.026438
0.026438
0.026375
0.026375
0.026312
0.026312
0.026250
0.026250
0.026250
0.026187
0.026187
0.026125
0.026125
0.026062
0.026062
0.026062
0.026062
0.026000
0.026000
0.025875
0.025937
0.025875
0.025812
0.025812
0.025812
0.025750
0.025687
0.025625
0.025625
0.025500
0.025625
0.025500
0.025562
0.025625
0.025625
0.025625
0.025562
0.025625
0.025625
0.025562
0.025500
0.025500
0.025437
0.025437
0.025375
0.025312
0.025312
0.025312
0.025250
0.025250
0.025187
0.025187
0.025125
0.025125
0.025000
0.025000
0.024937
0.024875
0.024937
0.024875
0.024875
0.024875
0.024750
0.024750
0.024812
0.024812
0.024750
0.024688
0.024688
0.024688
0.024688
0.024688
0.024625
0.024563
0.024563
0.024500
0.024500
0.024437
0.024437
0.024375
0.024312
0.024312
0.024312
0.024250
0.024250
0.024187
0.024187
0.024187
0.024125
0.024125
0.024062
0.024187
0.024125
0.024125
0.024187
0.024125
0.024125
0.024125
0.024062
0.024125
0.024062
0.024000
0.024000
0.024000
0.023937
0.023937
0.023875
0.023875
0.023812
0.023437
0.023375
0.023313
0.023187
0.023375
0.023375
0.023437
0.023437
0.023375
0.023313
0.023313
0.023250
0.023250
0.023250
0.023313
0.023250
0.023187
0.023250
0.023250
0.023187
0.023187
0.023187
0.023187
0.023187
0.023062
0.023125
0.023062
0.023062
0.023000
0.023000
0.022937
0.022937
0.022875
0.022875
0.022813
0.022813
0.022750
0.022813
0.022750
0.022750
0.022688
0.022625
0.022625
0.022688
0.022750
0.022688
0.022688
0.022688
0.022688
0.022688
0.022688
0.022562
0.022625
0.022625
0.022562
0.022562
0.022500
0.022500
0.022437
0.022437
0.022437
0.022375
0.022375
0.022375
0.022312
0.022375
0.022250
0.022250
0.022250
0.022250
0.022187
0.022250
0.022187
0.022187
0.022125
0.022125
0.022125
0.022125
0.022062
0.022125
0.022062
0.022062
0.022062
0.022125
0.022000
0.022000
0.022000
0.022000
0.021937
0.021937
0.021937
0.021875
0.021875
0.021812
0.021812
0.021812
0.021812
0.021750
0.021750
0.021687
0.021750
0.021750
0.021750
0.021750
0.021750
0.021812
0.02175
