15.63	0.02
23.44	0.02
31.25	0.02
39.06	0.02
46.88	0.02
54.69	0.02
62.50	0.02
70.31	0.02
78.12	0.02
85.94	0.02
93.75	0.02
101.56	0.02
109.37	0.02
117.19	0.02
125.00	0.02
132.81	0.02
140.63	0.02
148.44	0.02
156.25	0.02
164.06	0.02
171.88	0.02
179.69	0.02
187.50	0.02
195.31	0.02
203.13	0.02
210.94	0.02
218.75	0.02
226.56	0.02
234.38	0.02
242.19	0.02
250.00	0.02
257.81	0.02
265.63	0.02
273.44	0.02
281.25	0.02
289.06	0.02
296.88	0.02
304.69	0.02
312.50	0.02
320.31	0.02
328.13	0.02
335.94	0.02
343.75	0.02
351.56	0.02
359.38	0.02
367.19	0.02
375.00	0.02
382.81	0.02
390.63	0.02
398.44	0.02
406.25	0.02
414.06	0.02
421.88	0.02
429.69	0.02
437.50	0.02
445.31	0.02
453.13	0.02
460.94	0.02
468.75	0.02
476.56	0.02
484.38	0.02
492.19	0.02
500.00	0.02
507.81	0.02
515.63	0.02
523.44	0.02
531.25	0.02
539.06	0.02
546.88	0.02
554.69	0.02
562.50	0.02
570.31	0.02
578.13	0.02
585.94	0.02
593.75	0.02
601.56	0.02
609.38	0.02
617.19	0.02
625.00	0.02
632.81	0.02
640.63	0.02
648.44	0.02
656.25	0.02
664.06	0.02
671.88	0.02
679.69	0.02
687.50	0.02
695.31	0.02
703.13	0.02
710.94	0.02
718.75	0.02
726.56	0.02
734.38	0.02
742.19	0.02
750.00	0.02
757.81	0.02
765.63	0.02
773.44	0.02
781.25	0.02
789.06	0.02
796.88	0.02
804.69	0.02
812.50	0.02
820.31	0.02
828.13	0.02
835.94	0.02
843.75	0.02
851.56	0.02
859.38	0.02
867.19	0.02
875.00	0.02
882.81	0.02
890.63	0.02
898.44	0.02
906.25	0.02
914.06	0.02
921.88	0.02
929.69	0.02
937.50	0.02
945.31	0.02
953.13	0.02
960.94	0.02
968.75	0.02
976.56	0.02
984.38	0.02
992.19	0.02
1000.00	0.02
1007.81	0.02
1015.63	0.02
1023.44	0.02
1031.25	0.02
1039.06	0.02
1046.88	0.02
1054.69	0.02
1062.50	0.02
1070.31	0.02
1078.13	0.02
1085.94	0.02
1093.75	0.02
1101.56	0.02
1109.38	0.02
1117.19	0.02
1125.00	0.01
1132.81	0.01
1140.63	0.01
1148.44	0.01
1156.25	0.01
1164.06	0.01
1171.88	0.01
1179.69	0.01
1187.50	0.01
1195.31	0.01
1203.13	0.01
1210.94	0.01
1218.75	0.01
1226.56	0.01
1234.38	0.01
1242.19	0.01
1250.00	0.01
1257.81	0.01
1265.63	0.01
1273.44	0.01
1281.25	0.01
1289.06	0.01
1296.88	0.01
1304.69	0.01
1312.50	0.01
1320.31	0.01
1328.13	0.01
1335.94	0.01
1343.75	0.01
1351.56	0.01
1359.38	0.01
1367.19	0.01
1375.00	0.01
1382.81	0.01
1390.63	0.01
1398.44	0.01
1406.25	0.01
1414.06	0.01
1421.88	0.01
1429.69	0.01
1437.50	0.01
1445.31	0.01
1453.13	0.01
1460.94	0.01
1468.75	0.01
1476.56	0.01
1484.38	0.01
1492.19	0.01
1500.00	0.01
1507.81	0.01
1515.63	0.01
1523.44	0.01
1531.25	0.01
1539.06	0.01
1546.88	0.01
1554.69	0.01
1562.50	0.01
1570.31	0.01
1578.13	0.01
1585.94	0.01
1593.75	0.01
1601.56	0.01
1609.38	0.01
1617.19	0.01
1625.00	0.01
1632.81	0.01
1640.63	0.01
1648.44	0.01
1656.25	0.01
1664.06	0.01
1671.88	0.01
1679.69	0.01
1687.50	0.01
1695.31	0.01
1703.13	0.01
1710.94	0.01
1718.75	0.01
1726.56	0.01
1734.38	0.01
1742.19	0.01
1750.00	0.01
1757.81	0.01
1765.63	0.01
1773.44	0.01
1781.25	0.02
1789.06	0.02
1796.88	0.02
1804.69	0.02
1812.50	0.02
1820.31	0.02
1828.13	0.02
1835.94	0.02
1843.75	0.02
1851.56	0.02
1859.38	0.02
1867.19	0.02
1875.00	0.02
1882.81	0.02
1890.63	0.02
1898.44	0.02
1906.25	0.02
1914.06	0.02
1921.88	0.02
1929.69	0.02
1937.50	0.02
1945.31	0.02
1953.13	0.02
1960.94	0.02
1968.75	0.02
1976.56	0.02
1984.38	0.02
1992.19	0.02
2000.00	0.02
2007.81	0.02
2015.63	0.02
2023.44	0.02
2031.25	0.02
2039.06	0.02
2046.88	0.02
2054.69	0.02
2062.50	0.02
2070.31	0.02
2078.12	0.02
2085.94	0.02
2093.75	0.02
2101.56	0.02
2109.37	0.02
2117.19	0.02
2125.00	0.02
2132.81	0.02
2140.62	0.02
2148.44	0.02
2156.25	0.02
2164.06	0.02
2171.87	0.02
2179.69	0.02
2187.50	0.02
2195.31	0.02
2203.12	0.02
2210.94	0.02
2218.75	0.02
2226.56	0.02
2234.37	0.02
2242.19	0.02
2250.00	0.02
2257.81	0.02
2265.62	0.02
2273.44	0.02
2281.25	0.02
2289.06	0.02
2296.87	0.02
2304.69	0.02
2312.50	0.02
2320.31	0.02
2328.12	0.02
2335.94	0.02
2343.75	0.02
2351.56	0.02
2359.37	0.02
2367.19	0.02
2375.00	0.02
2382.81	0.02
2390.62	0.02
2398.44	0.02
2406.25	0.02
2414.06	0.02
2421.87	0.02
2429.69	0.02
2437.50	0.02
2445.31	0.02
2453.12	0.02
2460.94	0.02
2468.75	0.02
2476.56	0.02
2484.37	0.02
2492.19	0.02
2500.00	0.02
2507.81	0.02
2515.62	0.02
2523.44	0.02
2531.25	0.02
2539.06	0.02
2546.87	0.02
2554.69	0.02
2562.50	0.02
2570.31	0.02
2578.12	0.02
2585.94	0.02
2593.75	0.02
2601.56	0.02
2609.37	0.02
2617.19	0.02
2625.00	0.02
2632.81	0.02
2640.62	0.02
2648.44	0.02
2656.25	0.02
2664.06	0.02
2671.87	0.02
2679.69	0.02
2687.50	0.02
2695.31	0.02
2703.12	0.02
2710.94	0.02
2718.75	0.02
2726.56	0.02
2734.37	0.02
2742.19	0.02
2750.00	0.02
2757.81	0.02
2765.62	0.02
2773.44	0.02
2781.25	0.02
2789.06	0.02
2796.87	0.02
2804.69	0.02
2812.50	0.02
2820.31	0.02
2828.12	0.02
2835.94	0.02
2843.75	0.02
2851.56	0.02
2859.37	0.02
2867.19	0.02
2875.00	0.02
2882.81	0.02
2890.62	0.02
2898.44	0.02
2906.25	0.02
2914.06	0.02
2921.87	0.02
2929.69	0.02
2937.50	0.02
2945.31	0.02
2953.12	0.02
2960.94	0.02
2968.75	0.02
2976.56	0.02
2984.37	0.02
2992.19	0.02
3000.00	0.02
3007.81	0.02
3015.62	0.02
3023.44	0.02
3031.25	0.02
3039.06	0.02
3046.87	0.02
3054.69	0.02
3062.50	0.02
3070.31	0.02
3078.12	0.02
3085.94	0.02
3093.75	0.02
3101.56	0.02
3109.37	0.02
3117.19	0.02
3125.00	0.02
3132.81	0.02
3140.62	0.02
3148.44	0.02
3156.25	0.02
3164.06	0.02
3171.87	0.02
3179.69	0.02
3187.50	0.02
3195.31	0.02
3203.12	0.02
3210.94	0.02
3218.75	0.02
3226.56	0.02
3234.37	0.03
3242.19	0.03
3250.00	0.03
3257.81	0.04
3265.62	0.04
3273.44	0.03
3281.25	0.03
3289.06	0.03
3296.87	0.03
3304.69	0.03
3312.50	0.03
3320.31	0.03
3328.12	0.03
3335.94	0.03
3343.75	0.03
3351.56	0.03
3359.37	0.03
3367.19	0.04
3375.00	0.05
3382.81	0.05
3390.62	0.07
3398.44	0.08
3406.25	0.08
3414.06	0.08
3421.87	0.08
3429.69	0.08
3437.50	0.07
3445.31	0.07
3453.12	0.07
3460.94	0.07
3468.75	0.07
3476.56	0.07
3484.37	0.07
3492.19	0.07
3500.00	0.07
3507.81	0.07
3515.62	0.08
3523.44	0.09
3531.25	0.10
3539.06	0.13
3546.87	0.15
3554.69	0.18
3562.50	0.19
3570.31	0.18
3578.12	0.18
3585.94	0.17
3593.75	0.17
3601.56	0.16
3609.37	0.16
3617.19	0.16
3625.00	0.16
3632.81	0.15
3640.62	0.15
3648.44	0.15
3656.25	0.15
3664.06	0.16
3671.87	0.19
3679.69	0.22
3687.50	0.27
3695.31	0.31
3703.12	0.34
3710.94	0.35
3718.75	0.34
3726.56	0.33
3734.37	0.32
3742.19	0.32
3750.00	0.31
3757.81	0.31
3765.62	0.30
3773.44	0.30
3781.25	0.30
3789.06	0.29
3796.87	0.29
3804.69	0.30
3812.50	0.33
3820.31	0.38
3828.12	0.43
3835.94	0.50
3843.75	0.52
3851.56	0.52
3859.37	0.51
3867.19	0.50
3875.00	0.49
3882.81	0.49
3890.62	0.49
3898.44	0.48
3906.25	0.48
3914.06	0.48
3921.87	0.47
3929.69	0.47
3937.50	0.47
3945.31	0.46
3953.12	0.46
3960.94	0.46
3968.75	0.46
3976.56	0.48
3984.37	0.54
3992.19	0.60
4000.00	0.67
4007.81	0.73
4015.62	0.75
4023.44	0.73
4031.25	0.72
4039.06	0.71
4046.87	0.71
4054.69	0.70
4062.50	0.70
4070.31	0.69
4078.12	0.69
4085.94	0.69
4093.75	0.68
4101.56	0.68
4109.37	0.68
4117.19	0.67
4125.00	0.67
4132.81	0.68
4140.62	0.71
4148.44	0.78
4156.25	0.84
4164.06	0.92
4171.87	0.95
4179.69	0.96
4187.50	0.95
4195.31	0.94
4203.12	0.93
4210.94	0.92
4218.75	0.92
4226.56	0.91
4234.37	0.91
4242.19	0.91
4250.00	0.90
4257.81	0.90
4265.62	0.90
4273.44	0.89
4281.25	0.89
4289.06	0.89
4296.87	0.93
4304.69	0.98
4312.50	1.05
4320.31	1.10
4328.12	1.14
4335.94	1.14
4343.75	1.12
4351.56	1.11
4359.37	1.11
4367.19	1.10
4375.00	1.10
4382.81	1.09
4390.62	1.09
4398.44	1.08
4406.25	1.08
4414.06	1.08
4421.87	1.07
4429.69	1.07
4437.50	1.07
4445.31	1.07
4453.12	1.07
4460.94	1.11
4468.75	1.16
4476.56	1.21
4484.37	1.27
4492.19	1.29
4500.00	1.28
4507.81	1.27
4515.62	1.26
4523.44	1.26
4531.25	1.25
4539.06	1.25
4546.87	1.24
4554.69	1.24
4562.50	1.24
4570.31	1.23
4578.12	1.23
4585.94	1.23
4593.75	1.22
4601.56	1.22
4609.37	1.22
4617.19	1.23
4625.00	1.26
4632.81	1.33
4640.62	1.39
4648.44	1.43
4656.25	1.43
4664.06	1.42
4671.87	1.41
4679.69	1.40
4687.50	1.40
4695.31	1.39
4703.12	1.39
4710.94	1.39
4718.75	1.38
4726.56	1.38
4734.37	1.38
4742.19	1.37
4750.00	1.37
4757.81	1.37
4765.62	1.36
4773.44	1.36
4781.25	1.36
4789.06	1.37
4796.87	1.42
4804.69	1.46
4812.50	1.50
4820.31	1.52
4828.12	1.50
4835.94	1.50
4843.75	1.49
4851.56	1.49
4859.37	1.48
4867.19	1.48
4875.00	1.47
4882.81	1.47
4890.62	1.47
4898.44	1.46
4906.25	1.46
4914.06	1.46
4921.87	1.46
4929.69	1.45
4937.50	1.45
4945.31	1.45
4953.12	1.45
4960.94	1.44
4968.75	1.44
4976.56	1.44
4984.37	1.44
4992.19	1.43
5000.00	1.43
5007.81	1.43
5015.62	1.43
5023.44	1.43
5031.25	1.42
5039.06	1.42
5046.87	1.42
5054.69	1.42
5062.50	1.42
5070.31	1.41
5078.12	1.41
5085.94	1.41
5093.75	1.41
5101.56	1.41
5109.37	1.40
5117.19	1.40
5125.00	1.40
5132.81	1.40
5140.62	1.40
5148.44	1.40
5156.25	1.39
5164.06	1.39
5171.87	1.39
5179.69	1.39
5187.50	1.39
5195.31	1.39
5203.12	1.38
5210.94	1.38
5218.75	1.38
5226.56	1.38
5234.37	1.38
5242.19	1.38
5250.00	1.37
5257.81	1.37
5265.62	1.37
5273.44	1.37
5281.25	1.37
5289.06	1.37
5296.87	1.36
5304.69	1.36
5312.50	1.36
5320.31	1.36
5328.12	1.36
5335.94	1.36
5343.75	1.36
5351.56	1.35
5359.37	1.35
5367.19	1.35
5375.00	1.35
5382.81	1.35
5390.62	1.35
5398.44	1.34
5406.25	1.34
5414.06	1.34
5421.87	1.34
5429.69	1.34
5437.50	1.34
5445.31	1.34
5453.12	1.33
5460.94	1.33
5468.75	1.33
5476.56	1.33
5484.37	1.33
5492.19	1.33
5500.00	1.32
5507.81	1.32
5515.62	1.32
5523.44	1.32
5531.25	1.32
5539.06	1.32
5546.87	1.32
5554.69	1.31
5562.50	1.31
5570.31	1.31
5578.12	1.31
5585.94	1.31
5593.75	1.31
5601.56	1.31
5609.37	1.30
5617.19	1.30
5625.00	1.30
5632.81	1.30
5640.62	1.30
5648.44	1.30
5656.25	1.30
5664.06	1.29
5671.87	1.29
5679.69	1.29
5687.50	1.29
5695.31	1.29
5703.12	1.29
5710.94	1.29
5718.75	1.28
5726.56	1.28
5734.37	1.28
5742.19	1.28
5750.00	1.28
5757.81	1.28
5765.62	1.28
5773.44	1.27
5781.25	1.27
5789.06	1.27
5796.87	1.27
5804.69	1.27
5812.50	1.27
5820.31	1.27
5828.12	1.27
5835.94	1.26
5843.75	1.26
5851.56	1.26
5859.37	1.26
5867.19	1.26
5875.00	1.26
5882.81	1.26
5890.62	1.25
5898.44	1.25
5906.25	1.25
5914.06	1.25
5921.87	1.25
5929.69	1.25
5937.50	1.25
5945.31	1.25
5953.12	1.24
5960.94	1.24
5968.75	1.24
5976.56	1.24
5984.37	1.24
5992.19	1.24
6000.00	1.24
6007.81	1.23
6015.62	1.23
6023.44	1.23
6031.25	1.23
6039.06	1.23
6046.87	1.23
6054.69	1.23
6062.50	1.22
6070.31	1.22
6078.12	1.22
6085.94	1.22
6093.75	1.22
6101.56	1.22
6109.37	1.22
6117.19	1.22
6125.00	1.21
6132.81	1.21
6140.62	1.21
6148.44	1.21
6156.25	1.21
6164.06	1.21
6171.87	1.21
6179.69	1.21
6187.50	1.20
6195.31	1.20
6203.12	1.20
6210.94	1.20
6218.75	1.20
6226.56	1.20
6234.37	1.20
6242.19	1.20
6250.00	1.19
6257.81	1.19
6265.62	1.19
6273.44	1.19
6281.25	1.19
6289.06	1.19
6296.87	1.19
6304.69	1.19
6312.50	1.18
6320.31	1.18
6328.12	1.18
6335.94	1.18
6343.75	1.18
6351.56	1.18
6359.37	1.18
6367.19	1.17
6375.00	1.17
6382.81	1.17
6390.62	1.17
6398.44	1.17
6406.25	1.17
6414.06	1.17
6421.87	1.17
6429.69	1.16
6437.50	1.16
6445.31	1.16
6453.12	1.16
6460.94	1.16
6468.75	1.16
6476.56	1.16
6484.37	1.16
6492.19	1.15
6500.00	1.15
6507.81	1.15
6515.62	1.15
6523.44	1.15
6531.25	1.15
6539.06	1.15
6546.87	1.15
6554.69	1.15
6562.50	1.14
6570.31	1.14
6578.12	1.14
6585.94	1.14
6593.75	1.14
6601.56	1.14
6609.37	1.14
6617.19	1.14
6625.00	1.13
6632.81	1.13
6640.62	1.13
6648.44	1.13
6656.25	1.13
6664.06	1.13
6671.87	1.13
6679.69	1.13
6687.50	1.12
6695.31	1.12
6703.12	1.12
6710.94	1.12
6718.75	1.12
6726.56	1.12
6734.37	1.12
6742.19	1.12
6750.00	1.11
6757.81	1.11
6765.62	1.11
6773.44	1.11
6781.25	1.11
6789.06	1.11
6796.87	1.11
6804.69	1.11
6812.50	1.10
6820.31	1.10
6828.12	1.10
6835.94	1.10
6843.75	1.10
6851.56	1.10
6859.37	1.10
6867.19	1.10
6875.00	1.09
6882.81	1.09
6890.62	1.09
6898.44	1.09
6906.25	1.09
6914.06	1.09
6921.87	1.08
6929.69	1.08
6937.50	1.08
6945.31	1.08
6953.12	1.08
6960.94	1.08
6968.75	1.08
6976.56	1.08
6984.37	1.07
6992.19	1.07
7000.00	1.07
7007.81	1.07
7015.62	1.07
7023.44	1.07
7031.25	1.07
7039.06	1.06
7046.87	1.06
7054.69	1.06
7062.50	1.06
7070.31	1.06
7078.12	1.06
7085.94	1.05
7093.75	1.05
7101.56	1.05
7109.37	1.05
7117.19	1.05
7125.00	1.05
7132.81	1.05
7140.62	1.04
7148.44	1.04
7156.25	1.04
7164.06	1.04
7171.87	1.04
7179.69	1.04
7187.50	1.04
7195.31	1.04
7203.12	1.03
7210.94	1.03
7218.75	1.03
7226.56	1.03
7234.37	1.03
7242.19	1.03
7250.00	1.03
7257.81	1.03
7265.62	1.02
7273.44	1.02
7281.25	1.02
7289.06	1.02
7296.87	1.02
7304.69	1.02
7312.50	1.02
7320.31	1.02
7328.12	1.02
7335.94	1.02
7343.75	1.01
7351.56	1.01
7359.37	1.01
7367.19	1.01
7375.00	1.01
7382.81	1.01
7390.62	1.01
7398.44	1.01
7406.25	1.01
7414.06	1.01
7421.87	1.01
7429.69	1.01
7437.50	1.01
7445.31	1.00
7453.12	1.00
7460.94	1.00
7468.75	1.00
7476.56	1.00
7484.37	1.00
7492.19	1.00
7500.00	1.00
7507.81	1.00
7515.62	1.00
7523.44	1.00
7531.25	1.00
7539.06	1.00
7546.87	1.00
7554.69	1.00
7562.50	1.00
7570.31	1.00
7578.12	1.00
7585.94	1.00
7593.75	1.00
7601.56	1.00
7609.37	1.00
7617.19	1.00
7625.00	1.00
7632.81	1.00
7640.62	0.99
7648.44	0.99
7656.25	0.99
7664.06	0.99
7671.87	0.99
7679.69	0.99
7687.50	0.99
7695.31	0.99
7703.12	0.99
7710.94	0.99
7718.75	0.99
7726.56	0.99
7734.37	0.99
7742.19	0.99
7750.00	0.99
7757.81	0.99
7765.62	0.99
7773.44	0.99
7781.25	0.99
7789.06	0.99
7796.87	0.99
7804.69	0.99
7812.50	0.99
7820.31	0.99
7828.12	0.99
7835.94	0.99
7843.75	0.99
7851.56	0.99
7859.37	0.99
7867.19	0.99
7875.00	0.99
7882.81	0.99
7890.62	0.99
7898.44	0.99
7906.25	0.99
7914.06	0.99
7921.87	0.99
7929.69	0.99
7937.50	0.99
7945.31	0.99
7953.12	0.99
7960.94	0.99
7968.75	0.99
7976.56	0.99
7984.37	0.99
7992.19	0.99
8000.00	0.99
8007.81	0.99
8015.62	0.99
8023.44	0.99
8031.25	0.99
8039.06	0.99
8046.87	0.98
8054.69	0.98
8062.50	0.98
8070.31	0.98
8078.12	0.98
8085.94	0.98
8093.75	0.98
8101.56	0.98
8109.37	0.98
8117.19	0.98
8125.00	0.98
8132.81	0.98
8140.62	0.98
8148.44	0.98
8156.25	0.98
8164.06	0.98
8171.87	0.98
8179.69	0.98
8187.50	0.98
8195.31	0.98
8203.12	0.98
8210.94	0.98
8218.75	0.98
8226.56	0.98
8234.37	0.98
8242.19	0.98
8250.00	0.98
8257.81	0.98
8265.62	0.98
8273.44	0.98
8281.25	0.98
8289.06	0.98
8296.87	0.98
8304.69	0.98
8312.50	0.98
8320.31	0.98
8328.12	0.98
8335.94	0.98
8343.75	0.98
8351.56	0.98
8359.37	0.98
8367.19	0.98
8375.00	0.98
8382.81	0.98
8390.62	0.98
8398.44	0.98
8406.25	0.98
8414.06	0.98
8421.87	0.98
8429.69	0.98
8437.50	0.98
8445.31	0.98
8453.12	0.98
8460.94	0.98
8468.75	0.98
8476.56	0.98
8484.37	0.98
8492.19	0.98
8500.00	0.98
8507.81	0.98
8515.62	0.98
8523.44	0.98
8531.25	0.98
8539.06	0.98
8546.87	0.98
8554.69	0.98
8562.50	0.98
8570.31	0.98
8578.12	0.98
8585.94	0.98
8593.75	0.98
8601.56	0.98
8609.37	0.98
8617.19	0.98
8625.00	0.98
8632.81	0.98
8640.62	0.98
8648.44	0.98
8656.25	0.98
8664.06	0.98
8671.87	0.98
8679.69	0.98
8687.50	0.98
8695.31	0.98
8703.12	0.98
8710.94	0.98
8718.75	0.98
8726.56	0.98
8734.37	0.98
8742.19	0.98
8750.00	0.98
8757.81	0.98
8765.62	0.98
8773.44	0.98
8781.25	0.98
8789.06	0.98
8796.87	0.98
8804.69	0.98
8812.50	0.98
8820.31	0.98
8828.12	0.98
8835.94	0.98
8843.75	0.98
8851.56	0.98
8859.37	0.97
8867.19	0.97
8875.00	0.97
8882.81	0.97
8890.62	0.97
8898.44	0.97
8906.25	0.97
8914.06	0.97
8921.87	0.97
8929.69	0.97
8937.50	0.97
8945.31	0.97
8953.12	0.97
8960.94	0.97
8968.75	0.97
8976.56	0.97
8984.37	0.97
8992.19	0.97
9000.00	0.97
9007.81	0.97
9015.62	0.97
9023.44	0.97
9031.25	0.97
9039.06	0.97
9046.87	0.97
9054.69	0.97
9062.50	0.97
9070.31	0.97
9078.12	0.97
9085.94	0.97
9093.75	0.97
9101.56	0.97
9109.37	0.97
9117.19	0.97
9125.00	0.97
9132.81	0.97
9140.62	0.97
9148.44	0.97
9156.25	0.97
9164.06	0.97
9171.87	0.97
9179.69	0.97
9187.50	0.97
9195.31	0.97
9203.12	0.97
9210.94	0.97
9218.75	0.98
9226.56	0.97
9234.37	0.98
9242.19	0.97
9250.00	0.97
9257.81	0.97
9265.62	0.97
9273.44	0.97
9281.25	0.97
9289.06	0.98
9296.87	0.98
9304.69	0.98
9312.50	0.98
9320.31	0.98
9328.12	0.98
9335.94	0.97
9343.75	0.97
9351.56	0.97
9359.37	0.97
9367.19	0.97
9375.00	0.97
9382.81	0.97
9390.62	0.97
9398.44	0.97
9406.25	0.97
9414.06	0.97
9421.87	0.97
9429.69	0.97
9437.50	0.97
9445.31	0.97
9453.12	0.97
9460.94	0.97
9468.75	0.97
9476.56	0.97
9484.37	0.98
9492.19	0.98
9500.00	0.98
9507.81	0.98
9515.62	0.97
9523.44	0.97
9531.25	0.97
9539.06	0.97
9546.87	0.97
9554.69	0.97
9562.50	0.97
9570.31	0.97
9578.12	0.98
9585.94	0.98
9593.75	0.98
9601.56	0.98
9609.37	0.97
9617.19	0.97
9625.00	0.97
9632.81	0.97
9640.62	0.97
9648.44	0.97
9656.25	0.97
9664.06	0.97
9671.87	0.97
9679.69	0.97
9687.50	0.97
9695.31	0.97
9703.12	0.97
9710.94	0.97
9718.75	0.97
9726.56	0.97
9734.37	0.97
9742.19	0.97
9750.00	0.97
9757.81	0.97
9765.62	0.98
9773.44	0.98
9781.25	0.98
9789.06	0.97
9796.87	0.97
9804.69	0.97
9812.50	0.97
9820.31	0.97
9828.12	0.97
9835.94	0.97
9843.75	0.97
9851.56	0.97
9859.37	0.98
9867.19	0.98
9875.00	0.98
9882.81	0.98
9890.62	0.98
9898.44	0.98
9906.25	0.97
9914.06	0.97
9921.87	0.97
9929.69	0.96
9937.50	0.96
9945.31	0.96
9953.12	0.96
9960.94	0.97
9968.75	0.97
9976.56	0.97
9984.37	0.97
9992.19	0.97
10000.00	0.97
10007.81	0.97
10015.62	0.97
10023.44	0.97
10031.25	0.97
10039.06	0.97
10046.87	0.98
10054.69	0.98
10062.50	0.98
10070.31	0.97
10078.12	0.97
10085.94	0.97
10093.75	0.97
10101.56	0.96
10109.37	0.96
10117.19	0.97
10125.00	0.97
10132.81	0.97
10140.62	0.97
10148.44	0.98
10156.25	0.98
10164.06	0.98
10171.87	0.98
10179.69	0.98
10187.50	0.97
10195.31	0.97
10203.12	0.96
10210.94	0.96
10218.75	0.96
10226.56	0.96
10234.37	0.96
10242.19	0.96
10250.00	0.96
10257.81	0.96
10265.62	0.96
10273.44	0.96
10281.25	0.96
10289.06	0.96
10296.87	0.96
10304.69	0.96
10312.50	0.97
10320.31	0.97
10328.12	0.97
10335.94	0.98
10343.75	0.98
10351.56	0.98
10359.37	0.97
10367.19	0.97
10375.00	0.97
10382.81	0.96
10390.62	0.96
10398.44	0.96
10406.25	0.97
10414.06	0.97
10421.87	0.97
10429.69	0.97
10437.50	0.98
10445.31	0.97
10453.12	0.97
10460.94	0.97
10468.75	0.96
10476.56	0.96
10484.37	0.96
10492.19	0.96
10500.00	0.96
10507.81	0.96
10515.62	0.96
10523.44	0.96
10531.25	0.96
10539.06	0.96
10546.87	0.96
10554.69	0.96
10562.50	0.96
10570.31	0.96
10578.12	0.96
10585.94	0.96
10593.75	0.96
10601.56	0.96
10609.37	0.97
10617.19	0.97
10625.00	0.97
10632.81	0.98
10640.62	0.98
10648.44	0.98
10656.25	0.97
10664.06	0.97
10671.87	0.97
10679.69	0.97
10687.50	0.96
10695.31	0.97
10703.12	0.97
10710.94	0.97
10718.75	0.97
10726.56	0.98
10734.37	0.98
10742.19	0.98
10750.00	0.97
10757.81	0.97
10765.62	0.97
10773.44	0.96
10781.25	0.96
10789.06	0.96
10796.87	0.96
10804.69	0.96
10812.50	0.96
10820.31	0.96
10828.12	0.96
10835.94	0.96
10843.75	0.96
10851.56	0.97
10859.37	0.97
10867.19	0.97
10875.00	0.97
10882.81	0.97
10890.62	0.97
10898.44	0.97
10906.25	0.98
10914.06	0.98
10921.87	0.98
10929.69	0.97
10937.50	0.97
10945.31	0.97
10953.12	0.97
10960.94	0.97
10968.75	0.97
10976.56	0.97
10984.37	0.97
10992.19	0.97
11000.00	0.97
11007.81	0.97
11015.62	0.97
11023.44	0.97
11031.25	0.96
11039.06	0.96
11046.87	0.95
11054.69	0.95
11062.50	0.94
11070.31	0.94
11078.12	0.94
11085.94	0.94
11093.75	0.94
11101.56	0.94
11109.37	0.94
11117.19	0.94
11125.00	0.94
11132.81	0.94
11140.62	0.94
11148.44	0.94
11156.25	0.95
11164.06	0.95
11171.87	0.95
11179.69	0.96
11187.50	0.96
11195.31	0.96
11203.12	0.96
11210.94	0.95
11218.75	0.95
11226.56	0.95
11234.37	0.94
11242.19	0.94
11250.00	0.94
11257.81	0.94
11265.62	0.95
11273.44	0.95
11281.25	0.95
11289.06	0.95
11296.87	0.95
11304.69	0.95
11312.50	0.94
11320.31	0.94
11328.12	0.93
11335.94	0.93
11343.75	0.93
11351.56	0.92
11359.37	0.92
11367.19	0.92
11375.00	0.92
11382.81	0.92
11390.62	0.92
11398.44	0.92
11406.25	0.92
11414.06	0.92
11421.87	0.91
11429.69	0.91
11437.50	0.91
11445.31	0.91
11453.12	0.92
11460.94	0.93
11468.75	0.93
11476.56	0.93
11484.37	0.93
11492.19	0.92
11500.00	0.91
11507.81	0.91
11515.62	0.91
11523.44	0.90
11531.25	0.90
11539.06	0.90
11546.87	0.90
11554.69	0.91
11562.50	0.91
11570.31	0.91
11578.12	0.91
11585.94	0.91
11593.75	0.91
11601.56	0.90
11609.37	0.90
11617.19	0.89
11625.00	0.89
11632.81	0.89
11640.62	0.89
11648.44	0.89
11656.25	0.89
11664.06	0.89
11671.87	0.88
11679.69	0.88
11687.50	0.88
11695.31	0.88
11703.12	0.88
11710.94	0.88
11718.75	0.88
11726.56	0.88
11734.37	0.88
11742.19	0.88
11750.00	0.89
11757.81	0.89
11765.62	0.89
11773.44	0.89
11781.25	0.89
11789.06	0.89
11796.87	0.88
11804.69	0.88
11812.50	0.87
11820.31	0.87
11828.12	0.87
11835.94	0.87
11843.75	0.87
11851.56	0.87
11859.37	0.88
11867.19	0.88
11875.00	0.88
11882.81	0.88
11890.62	0.87
11898.44	0.87
11906.25	0.87
11914.06	0.86
11921.87	0.86
11929.69	0.86
11937.50	0.85
11945.31	0.85
11953.12	0.85
11960.94	0.85
11968.75	0.85
11976.56	0.85
11984.37	0.85
11992.19	0.85
12000.00	0.85
12007.81	0.85
12015.62	0.85
12023.44	0.85
12031.25	0.85
12039.06	0.85
12046.87	0.86
12054.69	0.86
12062.50	0.86
12070.31	0.86
12078.12	0.86
12085.94	0.85
12093.75	0.84
12101.56	0.84
12109.37	0.84
12117.19	0.84
12125.00	0.84
12132.81	0.84
12140.62	0.84
12148.44	0.85
12156.25	0.85
12164.06	0.85
12171.87	0.84
12179.69	0.84
12187.50	0.83
12195.31	0.83
12203.12	0.82
12210.94	0.82
12218.75	0.82
12226.56	0.82
12234.37	0.82
12242.19	0.82
12250.00	0.82
12257.81	0.82
12265.62	0.82
12273.44	0.82
12281.25	0.82
12289.06	0.82
12296.87	0.82
12304.69	0.82
12312.50	0.82
12320.31	0.83
12328.12	0.83
12335.94	0.83
12343.75	0.83
12351.56	0.83
12359.37	0.82
12367.19	0.81
12375.00	0.81
12382.81	0.80
12390.62	0.80
12398.44	0.80
12406.25	0.80
12414.06	0.81
12421.87	0.81
12429.69	0.82
12437.50	0.82
12445.31	0.82
12453.12	0.81
12460.94	0.80
12468.75	0.80
12476.56	0.79
12484.37	0.79
12492.19	0.79
12500.00	0.79
12507.81	0.79
12515.62	0.79
12523.44	0.79
12531.25	0.79
12539.06	0.79
12546.87	0.79
12554.69	0.79
12562.50	0.78
12570.31	0.78
12578.12	0.78
12585.94	0.79
12593.75	0.79
12601.56	0.79
12609.37	0.79
12617.19	0.80
12625.00	0.79
12632.81	0.79
12640.62	0.78
12648.44	0.78
12656.25	0.77
12664.06	0.77
12671.87	0.77
12679.69	0.77
12687.50	0.77
12695.31	0.77
12703.12	0.77
12710.94	0.78
12718.75	0.78
12726.56	0.78
12734.37	0.78
12742.19	0.77
12750.00	0.77
12757.81	0.76
12765.62	0.76
12773.44	0.76
12781.25	0.76
12789.06	0.76
12796.87	0.75
12804.69	0.75
12812.50	0.75
12820.31	0.75
12828.12	0.75
12835.94	0.75
12843.75	0.75
12851.56	0.75
12859.37	0.75
12867.19	0.75
12875.00	0.75
12882.81	0.75
12890.62	0.75
12898.44	0.76
12906.25	0.76
12914.06	0.76
12921.87	0.76
12929.69	0.76
12937.50	0.75
12945.31	0.74
12953.12	0.74
12960.94	0.74
12968.75	0.73
12976.56	0.73
12984.37	0.74
12992.19	0.74
13000.00	0.75
13007.81	0.75
13015.62	0.75
13023.44	0.75
13031.25	0.75
13039.06	0.74
13046.87	0.73
13054.69	0.73
13062.50	0.72
13070.31	0.72
13078.12	0.72
13085.94	0.72
13093.75	0.72
13101.56	0.72
13109.37	0.72
13117.19	0.72
13125.00	0.72
13132.81	0.72
13140.62	0.72
13148.44	0.72
13156.25	0.72
13164.06	0.72
13171.87	0.72
13179.69	0.73
13187.50	0.74
13195.31	0.74
13203.12	0.74
13210.94	0.73
13218.75	0.72
13226.56	0.71
13234.37	0.71
13242.19	0.71
13250.00	0.70
13257.81	0.70
13265.62	0.71
13273.44	0.71
13281.25	0.72
13289.06	0.72
13296.87	0.73
13304.69	0.72
13312.50	0.71
13320.31	0.71
13328.12	0.70
13335.94	0.69
13343.75	0.69
13351.56	0.69
13359.37	0.69
13367.19	0.69
13375.00	0.69
13382.81	0.69
13390.62	0.69
13398.44	0.69
13406.25	0.69
13414.06	0.69
13421.87	0.69
13429.69	0.68
13437.50	0.68
13445.31	0.68
13453.12	0.69
13460.94	0.69
13468.75	0.69
13476.56	0.70
13484.37	0.70
13492.19	0.70
13500.00	0.69
13507.81	0.68
13515.62	0.68
13523.44	0.67
13531.25	0.67
13539.06	0.67
13546.87	0.67
13554.69	0.68
13562.50	0.68
13570.31	0.69
13578.12	0.69
13585.94	0.69
13593.75	0.68
13601.56	0.67
13609.37	0.66
13617.19	0.66
13625.00	0.66
13632.81	0.66
13640.62	0.66
13648.44	0.65
13656.25	0.65
13664.06	0.65
13671.87	0.65
13679.69	0.65
13687.50	0.65
13695.31	0.65
13703.12	0.65
13710.94	0.65
13718.75	0.65
13726.56	0.65
13734.37	0.66
13742.19	0.67
13750.00	0.67
13757.81	0.67
13765.62	0.66
13773.44	0.66
13781.25	0.65
13789.06	0.64
13796.87	0.64
13804.69	0.64
13812.50	0.64
13820.31	0.64
13828.12	0.65
13835.94	0.66
13843.75	0.66
13851.56	0.66
13859.37	0.65
13867.19	0.64
13875.00	0.64
13882.81	0.63
13890.62	0.63
13898.44	0.62
13906.25	0.62
13914.06	0.62
13921.87	0.62
13929.69	0.62
13937.50	0.62
13945.31	0.62
13953.12	0.62
13960.94	0.62
13968.75	0.62
13976.56	0.62
13984.37	0.62
13992.19	0.62
14000.00	0.62
14007.81	0.62
14015.62	0.62
14023.44	0.63
14031.25	0.64
14039.06	0.64
14046.87	0.64
14054.69	0.63
14062.50	0.62
14070.31	0.61
14078.12	0.60
14085.94	0.60
14093.75	0.60
14101.56	0.60
14109.37	0.60
14117.19	0.61
14125.00	0.62
14132.81	0.62
14140.62	0.62
14148.44	0.62
14156.25	0.61
14164.06	0.60
14171.87	0.59
14179.69	0.58
14187.50	0.58
14195.31	0.58
14203.12	0.58
14210.94	0.58
14218.75	0.58
14226.56	0.58
14234.37	0.58
14242.19	0.57
14250.00	0.57
14257.81	0.57
14265.62	0.57
14273.44	0.57
14281.25	0.57
14289.06	0.57
14296.87	0.57
14304.69	0.58
14312.50	0.58
14320.31	0.58
14328.12	0.58
14335.94	0.57
14343.75	0.57
14351.56	0.56
14359.37	0.55
14367.19	0.55
14375.00	0.55
14382.81	0.55
14390.62	0.56
14398.44	0.56
14406.25	0.56
14414.06	0.56
14421.87	0.56
14429.69	0.56
14437.50	0.56
14445.31	0.55
14453.12	0.54
14460.94	0.54
14468.75	0.53
14476.56	0.53
14484.37	0.53
14492.19	0.53
14500.00	0.53
14507.81	0.53
14515.62	0.53
14523.44	0.53
14531.25	0.53
14539.06	0.52
14546.87	0.52
14554.69	0.52
14562.50	0.52
14570.31	0.52
14578.12	0.52
14585.94	0.53
14593.75	0.54
14601.56	0.54
14609.37	0.54
14617.19	0.54
14625.00	0.53
14632.81	0.52
14640.62	0.51
14648.44	0.51
14656.25	0.50
14664.06	0.50
14671.87	0.50
14679.69	0.50
14687.50	0.51
14695.31	0.52
14703.12	0.53
14710.94	0.53
14718.75	0.53
14726.56	0.52
14734.37	0.51
14742.19	0.50
14750.00	0.49
14757.81	0.49
14765.62	0.49
14773.44	0.49
14781.25	0.49
14789.06	0.49
14796.87	0.48
14804.69	0.48
14812.50	0.48
14820.31	0.48
14828.12	0.48
14835.94	0.48
14843.75	0.48
14851.56	0.48
14859.37	0.48
14867.19	0.48
14875.00	0.48
14882.81	0.49
14890.62	0.50
14898.44	0.50
14906.25	0.50
14914.06	0.49
14921.87	0.49
14929.69	0.47
14937.50	0.47
14945.31	0.46
14953.12	0.46
14960.94	0.46
14968.75	0.47
14976.56	0.48
14984.37	0.48
14992.19	0.48
15000.00	0.48
15007.81	0.47
15015.62	0.46
15023.44	0.45
15031.25	0.45
15039.06	0.44
15046.87	0.44
15054.69	0.44
15062.50	0.44
15070.31	0.44
15078.12	0.44
15085.94	0.44
15093.75	0.44
15101.56	0.44
15109.37	0.44
15117.19	0.44
15125.00	0.44
15132.81	0.45
15140.62	0.46
15148.44	0.46
15156.25	0.46
15164.06	0.46
15171.87	0.45
15179.69	0.44
15187.50	0.43
15195.31	0.42
15203.12	0.42
15210.94	0.42
15218.75	0.42
15226.56	0.43
15234.37	0.44
15242.19	0.44
15250.00	0.44
15257.81	0.43
15265.62	0.43
15273.44	0.41
15281.25	0.41
15289.06	0.40
15296.87	0.40
15304.69	0.40
15312.50	0.40
15320.31	0.40
15328.12	0.40
15335.94	0.40
15343.75	0.40
15351.56	0.40
15359.37	0.39
15367.19	0.39
15375.00	0.39
15382.81	0.39
15390.62	0.39
15398.44	0.39
15406.25	0.39
15414.06	0.39
15421.87	0.39
15429.69	0.38
15437.50	0.38
15445.31	0.38
15453.12	0.38
15460.94	0.38
15468.75	0.38
15476.56	0.38
15484.37	0.37
15492.19	0.37
15500.00	0.37
15507.81	0.37
15515.62	0.37
15523.44	0.37
15531.25	0.37
15539.06	0.37
15546.87	0.36
15554.69	0.36
15562.50	0.36
15570.31	0.36
15578.12	0.36
15585.94	0.36
15593.75	0.36
15601.56	0.36
15609.37	0.36
15617.19	0.35
15625.00	0.35
15632.81	0.35
15640.62	0.35
15648.44	0.35
15656.25	0.35
15664.06	0.35
15671.87	0.35
15679.69	0.34
15687.50	0.34
15695.31	0.34
15703.12	0.34
15710.94	0.34
15718.75	0.34
15726.56	0.34
15734.37	0.34
15742.19	0.33
15750.00	0.33
15757.81	0.33
15765.62	0.33
15773.44	0.33
15781.25	0.33
15789.06	0.33
15796.87	0.32
15804.69	0.32
15812.50	0.32
15820.31	0.32
15828.12	0.32
15835.94	0.32
15843.75	0.32
15851.56	0.32
15859.37	0.31
15867.19	0.31
15875.00	0.31
15882.81	0.31
15890.62	0.31
15898.44	0.31
15906.25	0.31
15914.06	0.31
15921.87	0.30
15929.69	0.30
15937.50	0.30
15945.31	0.30
15953.12	0.30
15960.94	0.30
15968.75	0.30
15976.56	0.29
15984.37	0.29
15992.19	0.29
16000.00	0.29
16007.81	0.29
16015.62	0.29
16023.44	0.29
16031.25	0.29
16039.06	0.28
16046.87	0.28
16054.69	0.28
16062.50	0.28
16070.31	0.28
16078.12	0.28
16085.94	0.28
16093.75	0.28
16101.56	0.27
16109.37	0.27
16117.19	0.27
16125.00	0.27
16132.81	0.27
16140.62	0.27
16148.44	0.27
16156.25	0.27
16164.06	0.27
16171.87	0.26
16179.69	0.26
16187.50	0.26
16195.31	0.26
16203.12	0.26
16210.94	0.26
16218.75	0.26
16226.56	0.25
16234.37	0.25
16242.19	0.25
16250.00	0.25
16257.81	0.25
16265.62	0.25
16273.44	0.25
16281.25	0.24
16289.06	0.24
16296.87	0.24
16304.69	0.24
16312.50	0.24
16320.31	0.24
16328.12	0.24
16335.94	0.23
16343.75	0.23
16351.56	0.23
16359.37	0.23
16367.19	0.23
16375.00	0.23
16382.81	0.22
16390.63	0.22
16398.44	0.22
16406.25	0.22
16414.06	0.22
16421.88	0.22
16429.69	0.22
16437.50	0.21
16445.31	0.21
16453.13	0.21
16460.94	0.21
16468.75	0.21
16476.56	0.21
16484.38	0.21
16492.19	0.20
16500.00	0.20
16507.81	0.20
16515.63	0.20
16523.44	0.20
16531.25	0.20
16539.06	0.20
16546.88	0.20
16554.69	0.19
16562.50	0.19
16570.31	0.19
16578.13	0.19
16585.94	0.19
16593.75	0.19
16601.56	0.19
16609.38	0.18
16617.19	0.18
16625.00	0.18
16632.81	0.18
16640.63	0.18
16648.44	0.18
16656.25	0.18
16664.06	0.18
16671.88	0.17
16679.69	0.17
16687.50	0.17
16695.31	0.17
16703.13	0.17
16710.94	0.17
16718.75	0.17
16726.56	0.16
16734.38	0.16
16742.19	0.16
16750.00	0.16
16757.81	0.16
16765.63	0.16
16773.44	0.16
16781.25	0.16
16789.06	0.15
16796.88	0.15
16804.69	0.15
16812.50	0.15
16820.31	0.15
16828.13	0.15
16835.94	0.14
16843.75	0.14
16851.56	0.14
16859.38	0.14
16867.19	0.14
16875.00	0.14
16882.81	0.14
16890.63	0.13
16898.44	0.13
16906.25	0.13
16914.06	0.13
16921.88	0.13
16929.69	0.13
16937.50	0.13
16945.31	0.12
16953.13	0.12
16960.94	0.12
16968.75	0.12
16976.56	0.12
16984.38	0.12
16992.19	0.12
17000.00	0.11
17007.81	0.11
17015.63	0.11
17023.44	0.11
17031.25	0.11
17039.06	0.11
17046.88	0.11
17054.69	0.11
17062.50	0.11
17070.31	0.10
17078.13	0.10
17085.94	0.10
17093.75	0.10
17101.56	0.10
17109.38	0.10
17117.19	0.10
17125.00	0.10
17132.81	0.10
17140.63	0.10
17148.44	0.09
17156.25	0.09
17164.06	0.09
17171.88	0.09
17179.69	0.09
17187.50	0.09
17195.31	0.09
17203.13	0.09
17210.94	0.09
17218.75	0.09
17226.56	0.08
17234.38	0.08
17242.19	0.08
17250.00	0.08
17257.81	0.08
17265.63	0.08
17273.44	0.08
17281.25	0.08
17289.06	0.08
17296.88	0.07
17304.69	0.07
17312.50	0.07
17320.31	0.07
17328.13	0.07
17335.94	0.07
17343.75	0.07
17351.56	0.07
17359.38	0.07
17367.19	0.07
17375.00	0.06
17382.81	0.06
17390.63	0.06
17398.44	0.06
17406.25	0.06
17414.06	0.06
17421.88	0.06
17429.69	0.06
17437.50	0.06
17445.31	0.06
17453.13	0.06
17460.94	0.06
17468.75	0.06
17476.56	0.06
17484.38	0.05
17492.19	0.05
17500.00	0.05
17507.81	0.05
17515.63	0.05
17523.44	0.05
17531.25	0.05
17539.06	0.05
17546.88	0.05
17554.69	0.05
17562.50	0.05
17570.31	0.05
17578.13	0.05
17585.94	0.05
17593.75	0.05
17601.56	0.05
17609.38	0.05
17617.19	0.05
17625.00	0.04
17632.81	0.04
17640.63	0.04
17648.44	0.04
17656.25	0.04
17664.06	0.04
17671.88	0.04
17679.69	0.04
17687.50	0.04
17695.31	0.04
17703.13	0.04
17710.94	0.04
17718.75	0.04
17726.56	0.04
17734.38	0.04
17742.19	0.04
17750.00	0.04
17757.81	0.04
17765.63	0.04
17773.44	0.04
17781.25	0.04
17789.06	0.04
17796.88	0.04
17804.69	0.04
17812.50	0.04
17820.31	0.04
17828.13	0.04
17835.94	0.04
17843.75	0.04
17851.56	0.04
17859.38	0.03
17867.19	0.03
17875.00	0.03
17882.81	0.03
17890.63	0.03
17898.44	0.03
17906.25	0.03
17914.06	0.03
17921.88	0.03
17929.69	0.03
17937.50	0.03
17945.31	0.03
17953.13	0.03
17960.94	0.03
17968.75	0.03
17976.56	0.03
17984.38	0.03
17992.19	0.03
18000.00	0.03
18007.81	0.03
18015.63	0.03
18023.44	0.03
18031.25	0.03
18039.06	0.03
18046.88	0.03
18054.69	0.03
18062.50	0.03
18070.31	0.03
18078.13	0.03
18085.94	0.03
18093.75	0.03
18101.56	0.03
18109.38	0.03
18117.19	0.03
18125.00	0.03
18132.81	0.03
18140.63	0.03
18148.44	0.03
18156.25	0.03
18164.06	0.03
18171.88	0.03
18179.69	0.03
18187.50	0.03
18195.31	0.03
18203.13	0.03
18210.94	0.03
18218.75	0.03
18226.56	0.03
18234.38	0.03
18242.19	0.03
18250.00	0.03
18257.81	0.03
18265.63	0.03
18273.44	0.03
18281.25	0.03
18289.06	0.03
18296.88	0.03
18304.69	0.03
18312.50	0.03
18320.31	0.03
18328.13	0.03
18335.94	0.03
18343.75	0.02
18351.56	0.02
18359.38	0.02
18367.19	0.02
18375.00	0.02
18382.81	0.02
18390.63	0.02
18398.44	0.02
18406.25	0.02
18414.06	0.02
18421.88	0.02
18429.69	0.02
18437.50	0.02
18445.31	0.02
18453.13	0.02
18460.94	0.02
18468.75	0.02
18476.56	0.02
18484.38	0.02
18492.19	0.02
18500.00	0.02
18507.81	0.02
18515.63	0.02
18523.44	0.02
18531.25	0.02
18539.06	0.02
18546.88	0.02
18554.69	0.02
18562.50	0.02
18570.31	0.02
18578.13	0.02
18585.94	0.02
18593.75	0.02
18601.56	0.02
18609.38	0.02
18617.19	0.02
18625.00	0.02
18632.81	0.02
18640.63	0.02
18648.44	0.02
18656.25	0.02
18664.06	0.02
18671.88	0.02
18679.69	0.02
18687.50	0.02
18695.31	0.02
18703.13	0.02
18710.94	0.02
18718.75	0.02
18726.56	0.02
18734.38	0.02
18742.19	0.02
18750.00	0.02
18757.81	0.02
18765.63	0.02
18773.44	0.02
18781.25	0.02
18789.06	0.02
18796.88	0.02
18804.69	0.02
18812.50	0.02
18820.31	0.02
18828.13	0.02
18835.94	0.02
18843.75	0.02
18851.56	0.02
18859.38	0.02
18867.19	0.02
18875.00	0.02
18882.81	0.02
18890.63	0.02
18898.44	0.02
18906.25	0.02
18914.06	0.02
18921.88	0.02
18929.69	0.02
18937.50	0.02
18945.31	0.02
18953.13	0.02
18960.94	0.02
18968.75	0.02
18976.56	0.02
18984.38	0.02
18992.19	0.02
19000.00	0.02
19007.81	0.02
19015.63	0.02
19023.44	0.02
19031.25	0.02
19039.06	0.02
19046.88	0.02
19054.69	0.02
19062.50	0.02
19070.31	0.02
19078.13	0.02
19085.94	0.02
19093.75	0.02
19101.56	0.02
19109.38	0.02
19117.19	0.02
19125.00	0.02
19132.81	0.02
19140.63	0.02
19148.44	0.02
19156.25	0.02
19164.06	0.02
19171.88	0.02
19179.69	0.0
