0.00	0.04
7.81	0.04
15.63	0.04
23.44	0.04
31.25	0.04
39.06	0.04
46.88	0.04
54.69	0.04
62.50	0.04
70.31	0.04
78.12	0.04
85.94	0.04
93.75	0.04
101.56	0.04
109.37	0.04
117.19	0.04
125.00	0.04
132.81	0.04
140.63	0.04
148.44	0.04
156.25	0.04
164.06	0.04
171.88	0.04
179.69	0.04
187.50	0.04
195.31	0.04
203.13	0.04
210.94	0.04
218.75	0.04
226.56	0.04
234.38	0.04
242.19	0.04
250.00	0.03
257.81	0.03
265.63	0.03
273.44	0.03
281.25	0.03
289.06	0.03
296.88	0.03
304.69	0.03
312.50	0.03
320.31	0.03
328.13	0.03
335.94	0.02
343.75	0.02
351.56	0.02
359.38	0.02
367.19	0.02
375.00	0.02
382.81	0.02
390.63	0.02
398.44	0.02
406.25	0.02
414.06	0.02
421.88	0.02
429.69	0.02
437.50	0.02
445.31	0.02
453.13	0.02
460.94	0.02
468.75	0.02
476.56	0.03
484.38	0.03
492.19	0.03
500.00	0.03
507.81	0.03
515.63	0.03
523.44	0.03
531.25	0.03
539.06	0.03
546.88	0.03
554.69	0.03
562.50	0.03
570.31	0.03
578.13	0.03
585.94	0.03
593.75	0.03
601.56	0.03
609.38	0.03
617.19	0.03
625.00	0.04
632.81	0.04
640.63	0.05
648.44	0.06
656.25	0.08
664.06	0.09
671.88	0.10
679.69	0.10
687.50	0.10
695.31	0.09
703.13	0.09
710.94	0.09
718.75	0.09
726.56	0.09
734.38	0.08
742.19	0.08
750.00	0.08
757.81	0.08
765.63	0.08
773.44	0.08
781.25	0.08
789.06	0.08
796.88	0.09
804.69	0.10
812.50	0.11
820.31	0.12
828.13	0.14
835.94	0.15
843.75	0.16
851.56	0.15
859.38	0.15
867.19	0.14
875.00	0.14
882.81	0.14
890.63	0.14
898.44	0.13
906.25	0.13
914.06	0.13
921.88	0.13
929.69	0.13
937.50	0.12
945.31	0.12
953.13	0.13
960.94	0.13
968.75	0.14
976.56	0.16
984.38	0.18
992.19	0.20
1000.00	0.22
1007.81	0.23
1015.63	0.23
1023.44	0.22
1031.25	0.21
1039.06	0.21
1046.88	0.20
1054.69	0.20
1062.50	0.19
1070.31	0.19
1078.13	0.18
1085.94	0.18
1093.75	0.18
1101.56	0.17
1109.38	0.17
1117.19	0.17
1125.00	0.16
1132.81	0.16
1140.63	0.17
1148.44	0.18
1156.25	0.21
1164.06	0.23
1171.88	0.25
1179.69	0.26
1187.50	0.26
1195.31	0.25
1203.13	0.25
1210.94	0.24
1218.75	0.24
1226.56	0.24
1234.38	0.23
1242.19	0.23
1250.00	0.23
1257.81	0.22
1265.63	0.22
1273.44	0.22
1281.25	0.22
1289.06	0.22
1296.88	0.22
1304.69	0.22
1312.50	0.24
1320.31	0.27
1328.13	0.29
1335.94	0.32
1343.75	0.34
1351.56	0.35
1359.38	0.35
1367.19	0.35
1375.00	0.34
1382.81	0.33
1390.63	0.33
1398.44	0.33
1406.25	0.32
1414.06	0.32
1421.88	0.32
1429.69	0.31
1437.50	0.31
1445.31	0.31
1453.13	0.31
1460.94	0.30
1468.75	0.30
1476.56	0.31
1484.38	0.33
1492.19	0.36
1500.00	0.39
1507.81	0.42
1515.63	0.44
1523.44	0.45
1531.25	0.45
1539.06	0.43
1546.88	0.43
1554.69	0.43
1562.50	0.43
1570.31	0.43
1578.13	0.43
1585.94	0.42
1593.75	0.42
1601.56	0.42
1609.38	0.41
1617.19	0.41
1625.00	0.41
1632.81	0.40
1640.63	0.40
1648.44	0.41
1656.25	0.43
1664.06	0.45
1671.88	0.49
1679.69	0.52
1687.50	0.55
1695.31	0.56
1703.13	0.55
1710.94	0.54
1718.75	0.54
1726.56	0.53
1734.38	0.53
1742.19	0.52
1750.00	0.52
1757.81	0.52
1765.63	0.52
1773.44	0.52
1781.25	0.52
1789.06	0.52
1796.88	0.52
1804.69	0.51
1812.50	0.51
1820.31	0.50
1828.13	0.50
1835.94	0.51
1843.75	0.53
1851.56	0.58
1859.38	0.61
1867.19	0.65
1875.00	0.66
1882.81	0.66
1890.63	0.65
1898.44	0.64
1906.25	0.64
1914.06	0.63
1921.88	0.63
1929.69	0.63
1937.50	0.62
1945.31	0.62
1953.13	0.62
1960.94	0.62
1968.75	0.62
1976.56	0.61
1984.38	0.61
1992.19	0.61
2000.00	0.61
2007.81	0.62
2015.63	0.67
2023.44	0.71
2031.25	0.75
2039.06	0.77
2046.88	0.78
2054.69	0.77
2062.50	0.76
2070.31	0.75
2078.12	0.75
2085.94	0.74
2093.75	0.74
2101.56	0.73
2109.37	0.73
2117.19	0.73
2125.00	0.72
2132.81	0.72
2140.62	0.72
2148.44	0.72
2156.25	0.72
2164.06	0.73
2171.87	0.76
2179.69	0.80
2187.50	0.84
2195.31	0.87
2203.12	0.89
2210.94	0.89
2218.75	0.88
2226.56	0.87
2234.37	0.86
2242.19	0.86
2250.00	0.85
2257.81	0.85
2265.62	0.85
2273.44	0.84
2281.25	0.84
2289.06	0.84
2296.87	0.84
2304.69	0.83
2312.50	0.83
2320.31	0.83
2328.12	0.83
2335.94	0.83
2343.75	0.84
2351.56	0.87
2359.37	0.90
2367.19	0.94
2375.00	0.96
2382.81	0.96
2390.62	0.95
2398.44	0.94
2406.25	0.94
2414.06	0.93
2421.87	0.93
2429.69	0.93
2437.50	0.93
2445.31	0.92
2453.12	0.92
2460.94	0.92
2468.75	0.91
2476.56	0.91
2484.37	0.91
2492.19	0.91
2500.00	0.91
2507.81	0.90
2515.62	0.90
2523.44	0.90
2531.25	0.90
2539.06	0.90
2546.87	0.90
2554.69	0.89
2562.50	0.89
2570.31	0.89
2578.12	0.89
2585.94	0.89
2593.75	0.89
2601.56	0.88
2609.37	0.88
2617.19	0.88
2625.00	0.88
2632.81	0.88
2640.62	0.88
2648.44	0.88
2656.25	0.87
2664.06	0.87
2671.87	0.87
2679.69	0.87
2687.50	0.87
2695.31	0.87
2703.12	0.87
2710.94	0.86
2718.75	0.86
2726.56	0.86
2734.37	0.86
2742.19	0.86
2750.00	0.86
2757.81	0.86
2765.62	0.86
2773.44	0.86
2781.25	0.85
2789.06	0.85
2796.87	0.85
2804.69	0.85
2812.50	0.85
2820.31	0.85
2828.12	0.85
2835.94	0.85
2843.75	0.85
2851.56	0.84
2859.37	0.84
2867.19	0.84
2875.00	0.84
2882.81	0.84
2890.62	0.84
2898.44	0.84
2906.25	0.84
2914.06	0.83
2921.87	0.83
2929.69	0.83
2937.50	0.83
2945.31	0.83
2953.12	0.83
2960.94	0.83
2968.75	0.83
2976.56	0.83
2984.37	0.83
2992.19	0.82
3000.00	0.82
3007.81	0.82
3015.62	0.82
3023.44	0.82
3031.25	0.82
3039.06	0.82
3046.87	0.82
3054.69	0.82
3062.50	0.82
3070.31	0.81
3078.12	0.81
3085.94	0.81
3093.75	0.81
3101.56	0.81
3109.37	0.81
3117.19	0.81
3125.00	0.81
3132.81	0.81
3140.62	0.81
3148.44	0.81
3156.25	0.80
3164.06	0.80
3171.87	0.80
3179.69	0.80
3187.50	0.80
3195.31	0.80
3203.12	0.80
3210.94	0.80
3218.75	0.80
3226.56	0.80
3234.37	0.79
3242.19	0.79
3250.00	0.79
3257.81	0.79
3265.62	0.79
3273.44	0.79
3281.25	0.79
3289.06	0.79
3296.87	0.79
3304.69	0.78
3312.50	0.78
3320.31	0.78
3328.12	0.78
3335.94	0.78
3343.75	0.78
3351.56	0.78
3359.37	0.78
3367.19	0.78
3375.00	0.78
3382.81	0.78
3390.62	0.77
3398.44	0.77
3406.25	0.77
3414.06	0.77
3421.87	0.77
3429.69	0.77
3437.50	0.77
3445.31	0.77
3453.12	0.77
3460.94	0.76
3468.75	0.76
3476.56	0.76
3484.37	0.76
3492.19	0.76
3500.00	0.76
3507.81	0.76
3515.62	0.75
3523.44	0.75
3531.25	0.75
3539.06	0.75
3546.87	0.75
3554.69	0.75
3562.50	0.75
3570.31	0.75
3578.12	0.74
3585.94	0.74
3593.75	0.74
3601.56	0.74
3609.37	0.74
3617.19	0.74
3625.00	0.74
3632.81	0.74
3640.62	0.74
3648.44	0.73
3656.25	0.73
3664.06	0.73
3671.87	0.73
3679.69	0.73
3687.50	0.73
3695.31	0.73
3703.12	0.73
3710.94	0.73
3718.75	0.73
3726.56	0.73
3734.37	0.73
3742.19	0.73
3750.00	0.73
3757.81	0.73
3765.62	0.72
3773.44	0.72
3781.25	0.72
3789.06	0.72
3796.87	0.72
3804.69	0.72
3812.50	0.72
3820.31	0.72
3828.12	0.72
3835.94	0.72
3843.75	0.72
3851.56	0.72
3859.37	0.72
3867.19	0.72
3875.00	0.72
3882.81	0.72
3890.62	0.72
3898.44	0.72
3906.25	0.72
3914.06	0.72
3921.87	0.72
3929.69	0.72
3937.50	0.72
3945.31	0.72
3953.12	0.72
3960.94	0.71
3968.75	0.71
3976.56	0.71
3984.37	0.71
3992.19	0.71
4000.00	0.71
4007.81	0.71
4015.62	0.71
4023.44	0.71
4031.25	0.71
4039.06	0.71
4046.87	0.71
4054.69	0.71
4062.50	0.71
4070.31	0.71
4078.12	0.71
4085.94	0.71
4093.75	0.71
4101.56	0.71
4109.37	0.71
4117.19	0.71
4125.00	0.71
4132.81	0.71
4140.62	0.71
4148.44	0.71
4156.25	0.71
4164.06	0.71
4171.87	0.71
4179.69	0.71
4187.50	0.71
4195.31	0.71
4203.12	0.71
4210.94	0.71
4218.75	0.71
4226.56	0.71
4234.37	0.71
4242.19	0.71
4250.00	0.71
4257.81	0.71
4265.62	0.71
4273.44	0.71
4281.25	0.71
4289.06	0.71
4296.87	0.71
4304.69	0.71
4312.50	0.71
4320.31	0.71
4328.12	0.71
4335.94	0.71
4343.75	0.71
4351.56	0.71
4359.37	0.71
4367.19	0.71
4375.00	0.71
4382.81	0.71
4390.62	0.71
4398.44	0.71
4406.25	0.71
4414.06	0.71
4421.87	0.71
4429.69	0.71
4437.50	0.70
4445.31	0.70
4453.12	0.70
4460.94	0.70
4468.75	0.70
4476.56	0.70
4484.37	0.70
4492.19	0.70
4500.00	0.70
4507.81	0.70
4515.62	0.70
4523.44	0.70
4531.25	0.70
4539.06	0.70
4546.87	0.70
4554.69	0.70
4562.50	0.71
4570.31	0.71
4578.12	0.71
4585.94	0.70
4593.75	0.70
4601.56	0.70
4609.37	0.70
4617.19	0.70
4625.00	0.70
4632.81	0.70
4640.62	0.70
4648.44	0.70
4656.25	0.70
4664.06	0.70
4671.87	0.70
4679.69	0.70
4687.50	0.70
4695.31	0.70
4703.12	0.70
4710.94	0.70
4718.75	0.70
4726.56	0.70
4734.37	0.70
4742.19	0.70
4750.00	0.70
4757.81	0.70
4765.62	0.70
4773.44	0.70
4781.25	0.70
4789.06	0.70
4796.87	0.70
4804.69	0.70
4812.50	0.70
4820.31	0.70
4828.12	0.70
4835.94	0.70
4843.75	0.70
4851.56	0.70
4859.37	0.70
4867.19	0.70
4875.00	0.70
4882.81	0.70
4890.62	0.70
4898.44	0.70
4906.25	0.70
4914.06	0.70
4921.87	0.70
4929.69	0.70
4937.50	0.70
4945.31	0.70
4953.12	0.70
4960.94	0.70
4968.75	0.70
4976.56	0.70
4984.37	0.70
4992.19	0.70
5000.00	0.70
5007.81	0.70
5015.62	0.70
5023.44	0.70
5031.25	0.70
5039.06	0.70
5046.87	0.70
5054.69	0.70
5062.50	0.70
5070.31	0.70
5078.12	0.70
5085.94	0.70
5093.75	0.70
5101.56	0.70
5109.37	0.70
5117.19	0.70
5125.00	0.70
5132.81	0.70
5140.62	0.70
5148.44	0.70
5156.25	0.70
5164.06	0.70
5171.87	0.70
5179.69	0.70
5187.50	0.70
5195.31	0.70
5203.12	0.70
5210.94	0.70
5218.75	0.70
5226.56	0.70
5234.37	0.70
5242.19	0.70
5250.00	0.70
5257.81	0.70
5265.62	0.70
5273.44	0.70
5281.25	0.70
5289.06	0.70
5296.87	0.69
5304.69	0.70
5312.50	0.69
5320.31	0.69
5328.12	0.69
5335.94	0.69
5343.75	0.69
5351.56	0.69
5359.37	0.69
5367.19	0.69
5375.00	0.69
5382.81	0.69
5390.62	0.69
5398.44	0.69
5406.25	0.69
5414.06	0.69
5421.87	0.69
5429.69	0.69
5437.50	0.69
5445.31	0.69
5453.12	0.69
5460.94	0.69
5468.75	0.69
5476.56	0.69
5484.37	0.69
5492.19	0.69
5500.00	0.69
5507.81	0.69
5515.62	0.69
5523.44	0.69
5531.25	0.69
5539.06	0.69
5546.87	0.69
5554.69	0.69
5562.50	0.69
5570.31	0.69
5578.12	0.69
5585.94	0.69
5593.75	0.69
5601.56	0.69
5609.37	0.69
5617.19	0.69
5625.00	0.69
5632.81	0.69
5640.62	0.69
5648.44	0.69
5656.25	0.69
5664.06	0.69
5671.87	0.69
5679.69	0.69
5687.50	0.69
5695.31	0.69
5703.12	0.69
5710.94	0.69
5718.75	0.69
5726.56	0.69
5734.37	0.69
5742.19	0.69
5750.00	0.69
5757.81	0.69
5765.62	0.69
5773.44	0.69
5781.25	0.69
5789.06	0.69
5796.87	0.69
5804.69	0.69
5812.50	0.69
5820.31	0.69
5828.12	0.69
5835.94	0.69
5843.75	0.69
5851.56	0.69
5859.37	0.68
5867.19	0.68
5875.00	0.68
5882.81	0.68
5890.62	0.68
5898.44	0.68
5906.25	0.68
5914.06	0.68
5921.87	0.68
5929.69	0.68
5937.50	0.68
5945.31	0.68
5953.12	0.68
5960.94	0.68
5968.75	0.68
5976.56	0.68
5984.37	0.68
5992.19	0.68
6000.00	0.68
6007.81	0.68
6015.62	0.68
6023.44	0.68
6031.25	0.68
6039.06	0.68
6046.87	0.68
6054.69	0.68
6062.50	0.68
6070.31	0.68
6078.12	0.68
6085.94	0.68
6093.75	0.68
6101.56	0.68
6109.37	0.68
6117.19	0.68
6125.00	0.68
6132.81	0.68
6140.62	0.68
6148.44	0.68
6156.25	0.68
6164.06	0.68
6171.87	0.68
6179.69	0.68
6187.50	0.68
6195.31	0.68
6203.12	0.68
6210.94	0.68
6218.75	0.68
6226.56	0.68
6234.37	0.68
6242.19	0.68
6250.00	0.68
6257.81	0.68
6265.62	0.68
6273.44	0.68
6281.25	0.67
6289.06	0.67
6296.87	0.67
6304.69	0.67
6312.50	0.67
6320.31	0.67
6328.12	0.67
6335.94	0.67
6343.75	0.67
6351.56	0.66
6359.37	0.66
6367.19	0.66
6375.00	0.66
6382.81	0.66
6390.62	0.66
6398.44	0.66
6406.25	0.66
6414.06	0.66
6421.87	0.66
6429.69	0.66
6437.50	0.66
6445.31	0.66
6453.12	0.65
6460.94	0.65
6468.75	0.65
6476.56	0.65
6484.37	0.65
6492.19	0.65
6500.00	0.65
6507.81	0.65
6515.62	0.65
6523.44	0.65
6531.25	0.65
6539.06	0.65
6546.87	0.65
6554.69	0.65
6562.50	0.65
6570.31	0.65
6578.12	0.65
6585.94	0.65
6593.75	0.65
6601.56	0.65
6609.37	0.65
6617.19	0.65
6625.00	0.65
6632.81	0.65
6640.62	0.65
6648.44	0.65
6656.25	0.65
6664.06	0.65
6671.87	0.65
6679.69	0.64
6687.50	0.64
6695.31	0.64
6703.12	0.64
6710.94	0.64
6718.75	0.64
6726.56	0.64
6734.37	0.64
6742.19	0.64
6750.00	0.64
6757.81	0.64
6765.62	0.64
6773.44	0.64
6781.25	0.64
6789.06	0.64
6796.87	0.64
6804.69	0.64
6812.50	0.64
6820.31	0.64
6828.12	0.64
6835.94	0.64
6843.75	0.64
6851.56	0.64
6859.37	0.64
6867.19	0.64
6875.00	0.63
6882.81	0.63
6890.62	0.63
6898.44	0.63
6906.25	0.63
6914.06	0.63
6921.87	0.63
6929.69	0.63
6937.50	0.63
6945.31	0.63
6953.12	0.63
6960.94	0.63
6968.75	0.63
6976.56	0.63
6984.37	0.63
6992.19	0.63
7000.00	0.63
7007.81	0.63
7015.62	0.63
7023.44	0.63
7031.25	0.63
7039.06	0.63
7046.87	0.63
7054.69	0.63
7062.50	0.63
7070.31	0.63
7078.12	0.62
7085.94	0.62
7093.75	0.62
7101.56	0.62
7109.37	0.62
7117.19	0.62
7125.00	0.62
7132.81	0.62
7140.62	0.62
7148.44	0.62
7156.25	0.62
7164.06	0.62
7171.87	0.62
7179.69	0.62
7187.50	0.62
7195.31	0.62
7203.12	0.62
7210.94	0.62
7218.75	0.62
7226.56	0.62
7234.37	0.62
7242.19	0.62
7250.00	0.62
7257.81	0.62
7265.62	0.62
7273.44	0.62
7281.25	0.62
7289.06	0.61
7296.87	0.61
7304.69	0.61
7312.50	0.61
7320.31	0.61
7328.12	0.61
7335.94	0.61
7343.75	0.61
7351.56	0.61
7359.37	0.61
7367.19	0.61
7375.00	0.61
7382.81	0.61
7390.62	0.61
7398.44	0.61
7406.25	0.60
7414.06	0.60
7421.87	0.60
7429.69	0.60
7437.50	0.60
7445.31	0.60
7453.12	0.60
7460.94	0.60
7468.75	0.61
7476.56	0.61
7484.37	0.61
7492.19	0.60
7500.00	0.60
7507.81	0.60
7515.62	0.60
7523.44	0.60
7531.25	0.60
7539.06	0.60
7546.87	0.60
7554.69	0.60
7562.50	0.60
7570.31	0.60
7578.12	0.60
7585.94	0.59
7593.75	0.59
7601.56	0.59
7609.37	0.59
7617.19	0.59
7625.00	0.59
7632.81	0.59
7640.62	0.59
7648.44	0.59
7656.25	0.59
7664.06	0.59
7671.87	0.59
7679.69	0.59
7687.50	0.59
7695.31	0.59
7703.12	0.59
7710.94	0.59
7718.75	0.59
7726.56	0.59
7734.37	0.59
7742.19	0.59
7750.00	0.59
7757.81	0.59
7765.62	0.59
7773.44	0.58
7781.25	0.58
7789.06	0.58
7796.87	0.58
7804.69	0.58
7812.50	0.58
7820.31	0.58
7828.12	0.58
7835.94	0.58
7843.75	0.58
7851.56	0.58
7859.37	0.58
7867.19	0.58
7875.00	0.58
7882.81	0.58
7890.62	0.58
7898.44	0.58
7906.25	0.58
7914.06	0.58
7921.87	0.58
7929.69	0.58
7937.50	0.58
7945.31	0.58
7953.12	0.57
7960.94	0.57
7968.75	0.57
7976.56	0.57
7984.37	0.57
7992.19	0.57
8000.00	0.57
8007.81	0.57
8015.62	0.57
8023.44	0.57
8031.25	0.57
8039.06	0.57
8046.87	0.57
8054.69	0.57
8062.50	0.57
8070.31	0.57
8078.12	0.57
8085.94	0.57
8093.75	0.57
8101.56	0.57
8109.37	0.57
8117.19	0.57
8125.00	0.57
8132.81	0.57
8140.62	0.57
8148.44	0.56
8156.25	0.56
8164.06	0.56
8171.87	0.56
8179.69	0.56
8187.50	0.56
8195.31	0.56
8203.12	0.56
8210.94	0.56
8218.75	0.56
8226.56	0.56
8234.37	0.56
8242.19	0.56
8250.00	0.56
8257.81	0.56
8265.62	0.56
8273.44	0.55
8281.25	0.55
8289.06	0.55
8296.87	0.55
8304.69	0.55
8312.50	0.56
8320.31	0.56
8328.12	0.56
8335.94	0.56
8343.75	0.56
8351.56	0.56
8359.37	0.56
8367.19	0.55
8375.00	0.55
8382.81	0.55
8390.62	0.55
8398.44	0.55
8406.25	0.55
8414.06	0.55
8421.87	0.55
8429.69	0.55
8437.50	0.55
8445.31	0.55
8453.12	0.55
8460.94	0.54
8468.75	0.54
8476.56	0.54
8484.37	0.54
8492.19	0.54
8500.00	0.54
8507.81	0.54
8515.62	0.54
8523.44	0.54
8531.25	0.55
8539.06	0.55
8546.87	0.55
8554.69	0.55
8562.50	0.55
8570.31	0.54
8578.12	0.54
8585.94	0.54
8593.75	0.54
8601.56	0.54
8609.37	0.54
8617.19	0.54
8625.00	0.54
8632.81	0.54
8640.62	0.54
8648.44	0.54
8656.25	0.53
8664.06	0.53
8671.87	0.53
8679.69	0.53
8687.50	0.53
8695.31	0.53
8703.12	0.53
8710.94	0.53
8718.75	0.53
8726.56	0.53
8734.37	0.53
8742.19	0.54
8750.00	0.54
8757.81	0.54
8765.62	0.54
8773.44	0.54
8781.25	0.53
8789.06	0.53
8796.87	0.53
8804.69	0.53
8812.50	0.53
8820.31	0.53
8828.12	0.53
8835.94	0.53
8843.75	0.53
8851.56	0.53
8859.37	0.52
8867.19	0.52
8875.00	0.52
8882.81	0.52
8890.62	0.52
8898.44	0.52
8906.25	0.52
8914.06	0.52
8921.87	0.52
8929.69	0.52
8937.50	0.52
8945.31	0.52
8953.12	0.52
8960.94	0.52
8968.75	0.53
8976.56	0.52
8984.37	0.52
8992.19	0.52
9000.00	0.52
9007.81	0.52
9015.62	0.52
9023.44	0.52
9031.25	0.52
9039.06	0.52
9046.87	0.52
9054.69	0.52
9062.50	0.51
9070.31	0.51
9078.12	0.51
9085.94	0.51
9093.75	0.51
9101.56	0.51
9109.37	0.51
9117.19	0.51
9125.00	0.51
9132.81	0.51
9140.62	0.51
9148.44	0.51
9156.25	0.51
9164.06	0.51
9171.87	0.51
9179.69	0.51
9187.50	0.51
9195.31	0.51
9203.12	0.51
9210.94	0.51
9218.75	0.51
9226.56	0.51
9234.37	0.51
9242.19	0.51
9250.00	0.51
9257.81	0.51
9265.62	0.51
9273.44	0.50
9281.25	0.50
9289.06	0.50
9296.87	0.50
9304.69	0.50
9312.50	0.50
9320.31	0.50
9328.12	0.50
9335.94	0.50
9343.75	0.50
9351.56	0.50
9359.37	0.49
9367.19	0.49
9375.00	0.49
9382.81	0.49
9390.62	0.50
9398.44	0.50
9406.25	0.50
9414.06	0.50
9421.87	0.50
9429.69	0.50
9437.50	0.50
9445.31	0.50
9453.12	0.50
9460.94	0.50
9468.75	0.49
9476.56	0.49
9484.37	0.49
9492.19	0.49
9500.00	0.49
9507.81	0.49
9515.62	0.49
9523.44	0.49
9531.25	0.49
9539.06	0.49
9546.87	0.49
9554.69	0.49
9562.50	0.48
9570.31	0.48
9578.12	0.48
9585.94	0.48
9593.75	0.48
9601.56	0.48
9609.37	0.49
9617.19	0.49
9625.00	0.49
9632.81	0.49
9640.62	0.49
9648.44	0.49
9656.25	0.49
9664.06	0.49
9671.87	0.49
9679.69	0.49
9687.50	0.49
9695.31	0.48
9703.12	0.48
9710.94	0.48
9718.75	0.48
9726.56	0.48
9734.37	0.48
9742.19	0.48
9750.00	0.48
9757.81	0.48
9765.62	0.48
9773.44	0.47
9781.25	0.47
9789.06	0.47
9796.87	0.47
9804.69	0.47
9812.50	0.47
9820.31	0.47
9828.12	0.48
9835.94	0.48
9843.75	0.48
9851.56	0.48
9859.37	0.48
9867.19	0.48
9875.00	0.48
9882.81	0.48
9890.62	0.47
9898.44	0.47
9906.25	0.47
9914.06	0.47
9921.87	0.47
9929.69	0.47
9937.50	0.47
9945.31	0.47
9953.12	0.47
9960.94	0.47
9968.75	0.47
9976.56	0.47
9984.37	0.46
9992.19	0.46
10000.00	0.46
10007.81	0.46
10015.62	0.46
10023.44	0.46
10031.25	0.46
10039.06	0.46
10046.87	0.47
10054.69	0.47
10062.50	0.47
10070.31	0.47
10078.12	0.47
10085.94	0.47
10093.75	0.46
10101.56	0.46
10109.37	0.46
10117.19	0.46
10125.00	0.46
10132.81	0.46
10140.62	0.46
10148.44	0.46
10156.25	0.46
10164.06	0.46
10171.87	0.46
10179.69	0.45
10187.50	0.45
10195.31	0.45
10203.12	0.45
10210.94	0.45
10218.75	0.45
10226.56	0.45
10234.37	0.45
10242.19	0.45
10250.00	0.45
10257.81	0.45
10265.62	0.45
10273.44	0.45
10281.25	0.45
10289.06	0.45
10296.87	0.45
10304.69	0.45
10312.50	0.45
10320.31	0.45
10328.12	0.45
10335.94	0.45
10343.75	0.45
10351.56	0.44
10359.37	0.44
10367.19	0.44
10375.00	0.44
10382.81	0.44
10390.62	0.44
10398.44	0.44
10406.25	0.44
10414.06	0.44
10421.87	0.44
10429.69	0.44
10437.50	0.44
10445.31	0.44
10453.12	0.44
10460.94	0.44
10468.75	0.44
10476.56	0.44
10484.37	0.44
10492.19	0.44
10500.00	0.44
10507.81	0.44
10515.62	0.43
10523.44	0.43
10531.25	0.43
10539.06	0.43
10546.87	0.43
10554.69	0.43
10562.50	0.43
10570.31	0.43
10578.12	0.43
10585.94	0.43
10593.75	0.43
10601.56	0.43
10609.37	0.42
10617.19	0.42
10625.00	0.42
10632.81	0.42
10640.62	0.43
10648.44	0.43
10656.25	0.43
10664.06	0.43
10671.87	0.43
10679.69	0.43
10687.50	0.42
10695.31	0.42
10703.12	0.42
10710.94	0.42
10718.75	0.42
10726.56	0.42
10734.37	0.42
10742.19	0.42
10750.00	0.42
10757.81	0.42
10765.62	0.42
10773.44	0.42
10781.25	0.41
10789.06	0.41
10796.87	0.41
10804.69	0.41
10812.50	0.41
10820.31	0.41
10828.12	0.41
10835.94	0.41
10843.75	0.41
10851.56	0.41
10859.37	0.41
10867.19	0.41
10875.00	0.41
10882.81	0.41
10890.62	0.41
10898.44	0.41
10906.25	0.41
10914.06	0.41
10921.87	0.41
10929.69	0.41
10937.50	0.41
10945.31	0.41
10953.12	0.40
10960.94	0.40
10968.75	0.40
10976.56	0.40
10984.37	0.40
10992.19	0.40
11000.00	0.40
11007.81	0.40
11015.62	0.40
11023.44	0.40
11031.25	0.40
11039.06	0.40
11046.87	0.40
11054.69	0.40
11062.50	0.40
11070.31	0.40
11078.12	0.40
11085.94	0.40
11093.75	0.40
11101.56	0.40
11109.37	0.40
11117.19	0.39
11125.00	0.39
11132.81	0.39
11140.62	0.39
11148.44	0.39
11156.25	0.39
11164.06	0.39
11171.87	0.39
11179.69	0.39
11187.50	0.39
11195.31	0.39
11203.12	0.39
11210.94	0.39
11218.75	0.39
11226.56	0.39
11234.37	0.39
11242.19	0.39
11250.00	0.39
11257.81	0.39
11265.62	0.39
11273.44	0.39
11281.25	0.39
11289.06	0.39
11296.87	0.39
11304.69	0.38
11312.50	0.38
11320.31	0.38
11328.12	0.38
11335.94	0.38
11343.75	0.38
11351.56	0.38
11359.37	0.38
11367.19	0.38
11375.00	0.38
11382.81	0.38
11390.62	0.38
11398.44	0.38
11406.25	0.38
11414.06	0.38
11421.87	0.38
11429.69	0.37
11437.50	0.37
11445.31	0.38
11453.12	0.38
11460.94	0.38
11468.75	0.38
11476.56	0.38
11484.37	0.37
11492.19	0.37
11500.00	0.37
11507.81	0.37
11515.62	0.37
11523.44	0.37
11531.25	0.37
11539.06	0.37
11546.87	0.37
11554.69	0.37
11562.50	0.37
11570.31	0.37
11578.12	0.37
11585.94	0.37
11593.75	0.37
11601.56	0.37
11609.37	0.36
11617.19	0.36
11625.00	0.36
11632.81	0.36
11640.62	0.36
11648.44	0.36
11656.25	0.36
11664.06	0.36
11671.87	0.36
11679.69	0.36
11687.50	0.36
11695.31	0.36
11703.12	0.36
11710.94	0.36
11718.75	0.36
11726.56	0.36
11734.37	0.36
11742.19	0.36
11750.00	0.36
11757.81	0.36
11765.62	0.36
11773.44	0.36
11781.25	0.36
11789.06	0.36
11796.87	0.36
11804.69	0.36
11812.50	0.35
11820.31	0.35
11828.12	0.35
11835.94	0.35
11843.75	0.35
11851.56	0.35
11859.37	0.35
11867.19	0.35
11875.00	0.35
11882.81	0.35
11890.62	0.35
11898.44	0.35
11906.25	0.35
11914.06	0.35
11921.87	0.35
11929.69	0.35
11937.50	0.35
11945.31	0.35
11953.12	0.35
11960.94	0.35
11968.75	0.35
11976.56	0.35
11984.37	0.35
11992.19	0.35
12000.00	0.35
12007.81	0.35
12015.62	0.34
12023.44	0.34
12031.25	0.34
12039.06	0.34
12046.87	0.34
12054.69	0.34
12062.50	0.34
12070.31	0.34
12078.12	0.34
12085.94	0.34
12093.75	0.34
12101.56	0.34
12109.37	0.34
12117.19	0.34
12125.00	0.34
12132.81	0.34
12140.62	0.34
12148.44	0.34
12156.25	0.34
12164.06	0.34
12171.87	0.34
12179.69	0.34
12187.50	0.34
12195.31	0.34
12203.12	0.34
12210.94	0.34
12218.75	0.34
12226.56	0.34
12234.37	0.33
12242.19	0.33
12250.00	0.33
12257.81	0.33
12265.62	0.33
12273.44	0.33
12281.25	0.33
12289.06	0.33
12296.87	0.33
12304.69	0.33
12312.50	0.33
12320.31	0.33
12328.12	0.33
12335.94	0.33
12343.75	0.33
12351.56	0.33
12359.37	0.33
12367.19	0.33
12375.00	0.33
12382.81	0.33
12390.62	0.33
12398.44	0.33
12406.25	0.33
12414.06	0.33
12421.87	0.33
12429.69	0.32
12437.50	0.32
12445.31	0.32
12453.12	0.32
12460.94	0.32
12468.75	0.32
12476.56	0.32
12484.37	0.32
12492.19	0.32
12500.00	0.32
12507.81	0.32
12515.62	0.32
12523.44	0.32
12531.25	0.32
12539.06	0.32
12546.87	0.32
12554.69	0.32
12562.50	0.32
12570.31	0.32
12578.12	0.32
12585.94	0.32
12593.75	0.32
12601.56	0.32
12609.37	0.32
12617.19	0.32
12625.00	0.32
12632.81	0.32
12640.62	0.31
12648.44	0.31
12656.25	0.31
12664.06	0.31
12671.87	0.31
12679.69	0.31
12687.50	0.31
12695.31	0.31
12703.12	0.31
12710.94	0.31
12718.75	0.31
12726.56	0.31
12734.37	0.31
12742.19	0.31
12750.00	0.31
12757.81	0.31
12765.62	0.31
12773.44	0.31
12781.25	0.31
12789.06	0.31
12796.87	0.31
12804.69	0.31
12812.50	0.31
12820.31	0.31
12828.12	0.31
12835.94	0.31
12843.75	0.31
12851.56	0.30
12859.37	0.30
12867.19	0.30
12875.00	0.30
12882.81	0.30
12890.62	0.30
12898.44	0.30
12906.25	0.30
12914.06	0.30
12921.87	0.30
12929.69	0.30
12937.50	0.30
12945.31	0.30
12953.12	0.30
12960.94	0.30
12968.75	0.30
12976.56	0.30
12984.37	0.30
12992.19	0.30
13000.00	0.30
13007.81	0.30
13015.62	0.30
13023.44	0.30
13031.25	0.30
13039.06	0.30
13046.87	0.30
13054.69	0.30
13062.50	0.29
13070.31	0.29
13078.12	0.29
13085.94	0.29
13093.75	0.29
13101.56	0.29
13109.37	0.29
13117.19	0.29
13125.00	0.29
13132.81	0.29
13140.62	0.29
13148.44	0.29
13156.25	0.29
13164.06	0.29
13171.87	0.29
13179.69	0.29
13187.50	0.29
13195.31	0.29
13203.12	0.29
13210.94	0.29
13218.75	0.29
13226.56	0.29
13234.37	0.29
13242.19	0.29
13250.00	0.29
13257.81	0.29
13265.62	0.29
13273.44	0.29
13281.25	0.29
13289.06	0.29
13296.87	0.29
13304.69	0.29
13312.50	0.28
13320.31	0.28
13328.12	0.28
13335.94	0.29
13343.75	0.29
13351.56	0.29
13359.37	0.29
13367.19	0.29
13375.00	0.29
13382.81	0.28
13390.62	0.28
13398.44	0.28
13406.25	0.28
13414.06	0.28
13421.87	0.28
13429.69	0.28
13437.50	0.28
13445.31	0.28
13453.12	0.28
13460.94	0.28
13468.75	0.28
13476.56	0.28
13484.37	0.28
13492.19	0.28
13500.00	0.28
13507.81	0.28
13515.62	0.28
13523.44	0.28
13531.25	0.28
13539.06	0.28
13546.87	0.28
13554.69	0.28
13562.50	0.28
13570.31	0.28
13578.12	0.28
13585.94	0.28
13593.75	0.28
13601.56	0.28
13609.37	0.28
13617.19	0.28
13625.00	0.28
13632.81	0.27
13640.62	0.27
13648.44	0.27
13656.25	0.27
13664.06	0.27
13671.87	0.27
13679.69	0.27
13687.50	0.27
13695.31	0.27
13703.12	0.27
13710.94	0.27
13718.75	0.27
13726.56	0.27
13734.37	0.27
13742.19	0.27
13750.00	0.27
13757.81	0.27
13765.62	0.27
13773.44	0.27
13781.25	0.27
13789.06	0.27
13796.87	0.27
13804.69	0.27
13812.50	0.27
13820.31	0.27
13828.12	0.27
13835.94	0.27
13843.75	0.27
13851.56	0.27
13859.37	0.27
13867.19	0.26
13875.00	0.26
13882.81	0.26
13890.62	0.26
13898.44	0.26
13906.25	0.26
13914.06	0.26
13921.87	0.26
13929.69	0.26
13937.50	0.26
13945.31	0.26
13953.12	0.26
13960.94	0.26
13968.75	0.26
13976.56	0.26
13984.37	0.26
13992.19	0.26
14000.00	0.26
14007.81	0.26
14015.62	0.26
14023.44	0.26
14031.25	0.26
14039.06	0.26
14046.87	0.27
14054.69	0.27
14062.50	0.27
14070.31	0.27
14078.12	0.27
14085.94	0.27
14093.75	0.27
14101.56	0.27
14109.37	0.26
14117.19	0.26
14125.00	0.26
14132.81	0.26
14140.62	0.26
14148.44	0.26
14156.25	0.26
14164.06	0.26
14171.87	0.26
14179.69	0.26
14187.50	0.26
14195.31	0.26
14203.12	0.26
14210.94	0.26
14218.75	0.26
14226.56	0.26
14234.37	0.26
14242.19	0.26
14250.00	0.25
14257.81	0.25
14265.62	0.25
14273.44	0.25
14281.25	0.25
14289.06	0.25
14296.87	0.25
14304.69	0.25
14312.50	0.25
14320.31	0.25
14328.12	0.25
14335.94	0.25
14343.75	0.25
14351.56	0.25
14359.37	0.25
14367.19	0.25
14375.00	0.25
14382.81	0.25
14390.62	0.25
14398.44	0.25
14406.25	0.25
14414.06	0.25
14421.87	0.25
14429.69	0.25
14437.50	0.25
14445.31	0.25
14453.12	0.25
14460.94	0.25
14468.75	0.25
14476.56	0.24
14484.37	0.24
14492.19	0.24
14500.00	0.24
14507.81	0.24
14515.62	0.24
14523.44	0.24
14531.25	0.24
14539.06	0.24
14546.87	0.24
14554.69	0.24
14562.50	0.24
14570.31	0.24
14578.12	0.24
14585.94	0.24
14593.75	0.24
14601.56	0.24
14609.37	0.24
14617.19	0.24
14625.00	0.24
14632.81	0.24
14640.62	0.24
14648.44	0.24
14656.25	0.24
14664.06	0.24
14671.87	0.24
14679.69	0.24
14687.50	0.24
14695.31	0.24
14703.12	0.24
14710.94	0.24
14718.75	0.24
14726.56	0.24
14734.37	0.24
14742.19	0.24
14750.00	0.23
14757.81	0.23
14765.62	0.23
14773.44	0.23
14781.25	0.23
14789.06	0.23
14796.87	0.23
14804.69	0.22
14812.50	0.22
14820.31	0.22
14828.12	0.22
14835.94	0.22
14843.75	0.22
14851.56	0.22
14859.37	0.22
14867.19	0.22
14875.00	0.22
14882.81	0.22
14890.62	0.21
14898.44	0.21
14906.25	0.21
14914.06	0.21
14921.87	0.21
14929.69	0.21
14937.50	0.21
14945.31	0.21
14953.12	0.21
14960.94	0.21
14968.75	0.21
14976.56	0.20
14984.37	0.20
14992.19	0.20
15000.00	0.20
15007.81	0.20
15015.62	0.20
15023.44	0.20
15031.25	0.20
15039.06	0.20
15046.87	0.20
15054.69	0.20
15062.50	0.19
15070.31	0.19
15078.12	0.19
15085.94	0.19
15093.75	0.19
15101.56	0.19
15109.37	0.19
15117.19	0.19
15125.00	0.19
15132.81	0.18
15140.62	0.18
15148.44	0.18
15156.25	0.18
15164.06	0.18
15171.87	0.18
15179.69	0.18
15187.50	0.18
15195.31	0.18
15203.12	0.18
15210.94	0.18
15218.75	0.18
15226.56	0.17
15234.37	0.17
15242.19	0.17
15250.00	0.17
15257.81	0.17
15265.62	0.17
15273.44	0.17
15281.25	0.17
15289.06	0.17
15296.87	0.17
15304.69	0.16
15312.50	0.16
15320.31	0.16
15328.12	0.16
15335.94	0.16
15343.75	0.16
15351.56	0.16
15359.37	0.16
15367.19	0.16
15375.00	0.16
15382.81	0.15
15390.62	0.15
15398.44	0.15
15406.25	0.15
15414.06	0.15
15421.87	0.15
15429.69	0.15
15437.50	0.15
15445.31	0.15
15453.12	0.15
15460.94	0.14
15468.75	0.14
15476.56	0.14
15484.37	0.14
15492.19	0.14
15500.00	0.14
15507.81	0.14
15515.62	0.14
15523.44	0.14
15531.25	0.14
15539.06	0.14
15546.87	0.13
15554.69	0.13
15562.50	0.13
15570.31	0.13
15578.12	0.13
15585.94	0.13
15593.75	0.13
15601.56	0.13
15609.37	0.12
15617.19	0.12
15625.00	0.12
15632.81	0.12
15640.62	0.12
15648.44	0.12
15656.25	0.12
15664.06	0.12
15671.87	0.11
15679.69	0.11
15687.50	0.11
15695.31	0.11
15703.12	0.11
15710.94	0.10
15718.75	0.10
15726.56	0.10
15734.37	0.10
15742.19	0.10
15750.00	0.10
15757.81	0.10
15765.62	0.10
15773.44	0.09
15781.25	0.09
15789.06	0.09
15796.87	0.09
15804.69	0.09
15812.50	0.09
15820.31	0.09
15828.12	0.09
15835.94	0.08
15843.75	0.08
15851.56	0.08
15859.37	0.08
15867.19	0.08
15875.00	0.08
15882.81	0.08
15890.62	0.08
15898.44	0.08
15906.25	0.08
15914.06	0.07
15921.87	0.07
15929.69	0.07
15937.50	0.07
15945.31	0.07
15953.12	0.07
15960.94	0.07
15968.75	0.07
15976.56	0.07
15984.37	0.07
15992.19	0.07
16000.00	0.07
16007.81	0.06
16015.62	0.06
16023.44	0.06
16031.25	0.06
16039.06	0.06
16046.87	0.06
16054.69	0.06
16062.50	0.06
16070.31	0.06
16078.12	0.06
16085.94	0.06
16093.75	0.06
16101.56	0.06
16109.37	0.06
16117.19	0.06
16125.00	0.05
16132.81	0.05
16140.62	0.05
16148.44	0.05
16156.25	0.05
16164.06	0.05
16171.87	0.05
16179.69	0.05
16187.50	0.05
16195.31	0.05
16203.12	0.05
16210.94	0.05
16218.75	0.05
16226.56	0.05
16234.37	0.05
16242.19	0.05
16250.00	0.05
16257.81	0.05
16265.62	0.05
16273.44	0.05
16281.25	0.05
16289.06	0.04
16296.87	0.04
16304.69	0.04
16312.50	0.04
16320.31	0.04
16328.12	0.04
16335.94	0.04
16343.75	0.04
16351.56	0.04
16359.37	0.04
16367.19	0.04
16375.00	0.04
16382.81	0.04
16390.63	0.04
16398.44	0.04
16406.25	0.04
16414.06	0.04
16421.88	0.04
16429.69	0.04
16437.50	0.04
16445.31	0.04
16453.13	0.04
16460.94	0.04
16468.75	0.04
16476.56	0.04
16484.38	0.04
16492.19	0.04
16500.00	0.03
16507.81	0.03
16515.63	0.03
16523.44	0.03
16531.25	0.03
16539.06	0.03
16546.88	0.03
16554.69	0.03
16562.50	0.03
16570.31	0.03
16578.13	0.03
16585.94	0.03
16593.75	0.03
16601.56	0.03
16609.38	0.03
16617.19	0.03
16625.00	0.03
16632.81	0.03
16640.63	0.03
16648.44	0.03
16656.25	0.03
16664.06	0.03
16671.88	0.03
16679.69	0.03
16687.50	0.03
16695.31	0.03
16703.13	0.03
16710.94	0.03
16718.75	0.03
16726.56	0.03
16734.38	0.03
16742.19	0.03
16750.00	0.03
16757.81	0.03
16765.63	0.03
16773.44	0.03
16781.25	0.03
16789.06	0.03
16796.88	0.03
16804.69	0.03
16812.50	0.03
16820.31	0.03
16828.13	0.02
16835.94	0.02
16843.75	0.02
16851.56	0.02
16859.38	0.02
16867.19	0.02
16875.00	0.02
16882.81	0.02
16890.63	0.02
16898.44	0.02
16906.25	0.02
16914.06	0.02
16921.88	0.02
16929.69	0.02
16937.50	0.02
16945.31	0.02
16953.13	0.02
16960.94	0.02
16968.75	0.02
16976.56	0.02
16984.38	0.02