0.011375
0.011125
0.011125
0.011188
0.011188
0.011125
0.011188
0.011188
0.011125
0.011125
0.011063
0.011063
0.011000
0.011063
0.011000
0.011063
0.011125
0.011125
0.011063
0.011000
0.011000
0.010937
0.010812
0.010812
0.010750
0.010812
0.010687
0.010625
0.010625
0.010563
0.010563
0.010625
0.010563
0.010687
0.010687
0.010750
0.010750
0.010687
0.010687
0.010625
0.010563
0.010563
0.010563
0.010500
0.010500
0.010625
0.010500
0.010625
0.010563
0.010625
0.010687
0.010750
0.010750
0.010750
0.010687
0.010687
0.010812
0.010875
0.010937
0.010875
0.010875
0.010875
0.010875
0.010875
0.010937
0.011000
0.011063
0.011000
0.011125
0.011188
0.011125
0.011063
0.011125
0.011125
0.011250
0.011188
0.011188
0.011250
0.011125
0.011125
0.011188
0.011188
0.011188
0.011125
0.011063
0.011125
0.011188
0.011125
0.011125
0.011188
0.011188
0.011188
0.011188
0.011250
0.011312
0.011438
0.011438
0.011438
0.011375
0.011438
0.011500
0.011500
0.011500
0.011500
0.011375
0.011312
0.011375
0.011375
0.011312
0.011250
0.011000
0.011063
0.011063
0.011063
0.011312
0.011250
0.011312
0.011312
0.011250
0.011250
0.011438
0.011438
0.011438
0.011438
0.011438
0.011438
0.011500
0.011500
0.011438
0.011375
0.011312
0.011375
0.011375
0.011438
0.011438
0.011500
0.011500
0.011500
0.011563
0.011625
0.011688
0.011688
0.011625
0.011688
0.011750
0.011688
0.011688
0.011625
0.011625
0.011688
0.011625
0.011563
0.011563
0.011500
0.011563
0.011563
0.011563
0.011625
0.011563
0.011563
0.011688
0.011625
0.011688
0.011688
0.011688
0.011688
0.011812
0.011750
0.011812
0.011875
0.012187
0.012813
0.013375
0.014125
0.016187
0.017250
0.018312
0.020437
0.021375
0.022375
0.022562
0.022437
0.022375
0.021875
0.020125
0.020125
0.020562
0.022000
0.022937
0.024062
0.025312
0.028812
0.030062
0.031062
0.034437
0.036937
0.039812
0.044187
0.046188
0.048437
0.050125
0.052375
0.052750
0.052500
0.051250
0.050687
0.050062
0.048375
0.047562
0.046875
0.046125
0.045000
0.044500
0.044000
0.043125
0.042687
0.042250
0.041813
0.041187
0.040937
0.040687
0.040125
0.039875
0.039562
0.039000
0.038750
0.038562
0.038312
0.037875
0.037687
0.037500
0.037000
0.036812
0.036687
0.036438
0.036250
0.036188
0.036063
0.035813
0.035625
0.035500
0.035312
0.035188
0.035062
0.034812
0.034750
0.034625
0.034625
0.034500
0.034375
0.034312
0.034250
0.034187
0.034187
0.034375
0.034812
0.035625
0.037063
0.041250
0.044000
0.047062
0.054125
0.058063
0.062500
0.072312
0.077375
0.082625
0.087687
0.095563
0.098875
0.101250
0.105687
0.106937
0.107750
0.107813
0.106500
0.105250
0.103813
0.101437
0.100500
0.099687
0.098312
0.097687
0.097187
0.096625
0.095687
0.095250
0.094812
0.094125
0.093688
0.093313
0.092562
0.092187
0.091875
0.091562
0.090875
0.090625
0.090375
0.089813
0.089500
0.089188
0.088688
0.088563
0.088375
0.088125
0.087687
0.087562
0.087312
0.087250
0.087500
0.088312
0.092125
0.095187
0.099188
0.103875
0.114063
0.119938
0.126250
0.141000
0.149063
0.157688
0.175063
0.183313
0.191000
0.197125
0.205250
0.207625
0.208625
0.207375
0.205437
0.202813
0.199938
0.195375
0.193562
0.192062
0.189437
0.188187
0.187125
0.185188
0.184375
0.183563
0.182875
0.181688
0.181000
0.180375
0.179188
0.178625
0.178125
0.177062
0.176563
0.176125
0.175563
0.174625
0.174063
0.173563
0.172750
0.172438
0.172000
0.171188
0.170750
0.170438
0.170000
0.169313
0.168938
0.168750
0.168812
0.169875
0.172063
0.180813
0.187500
0.195750
0.205063
0.225500
0.236625
0.248750
0.273563
0.285875
0.298375
0.322125
0.333000
0.342250
0.349063
0.357125
0.358312
0.357875
0.353312
0.349500
0.345750
0.342750
0.338625
0.337125
0.335750
0.333125
0.332000
0.331000
0.328938
0.327938
0.326938
0.325938
0.324000
0.322937
0.322000
0.320000
0.319062
0.318125
0.316438
0.315500
0.314625
0.313688
0.311938
0.311063
0.310313
0.308750
0.308125
0.307500
0.306313
0.305750
0.305125
0.304625
0.303813
0.303437
0.303063
0.302312
0.302000
0.301875
0.303500
0.306125
0.310125
0.316063
0.333688
0.345062
0.357875
0.385563
0.399938
0.414250
0.443313
0.457313
0.471188
0.484000
0.505250
0.513500
0.519813
0.525625
0.525375
0.523312
0.520187
0.510750
0.506875
0.503625
0.498563
0.496312
0.494313
0.490813
0.489188
0.487750
0.486500
0.484000
0.482750
0.481562
0.479250
0.478187
0.477062
0.475312
0.474625
0.474125
0.473875
0.474250
0.474563
0.475062
0.475625
0.475688
0.475625
0.475188
0.474813
0.474375
0.473875
0.472875
0.472313
0.471750
0.470562
0.470063
0.469625
0.468500
0.467875
0.467187
0.466625
0.467313
0.470313
0.475937
0.494813
0.507687
0.522438
0.553625
0.569937
0.586625
0.603187
0.635562
0.650500
0.664250
0.686750
0.694687
0.700687
0.704375
0.706000
0.704062
0.700562
0.690000
0.685625
0.682063
0.676375
0.673937
0.671812
0.669625
0.665812
0.664125
0.662687
0.659812
0.658500
0.657250
0.654875
0.653938
0.653000
0.652188
0.650500
0.649625
0.648750
0.646812
0.645875
0.645000
0.643187
0.642437
0.641687
0.641000
0.639562
0.638875
0.638125
0.636937
0.636625
0.636625
0.637125
0.637687
0.638375
0.639062
0.640687
0.641562
0.643062
0.651000
0.657500
0.665875
0.687625
0.700562
0.714437
0.729437
0.760125
0.776062
0.792187
0.824063
0.839250
0.853063
0.866187
0.889312
0.898875
0.906313
0.916250
0.918562
0.919000
0.915062
0.910750
0.906125
0.902375
0.896750
0.894375
0.892187
0.888250
0.886500
0.884875
0.881562
0.880125
0.878750
0.877437
0.874875
0.873625
0.872375
0.869875
0.868625
0.867562
0.865563
0.864688
0.863750
0.862812
0.861000
0.860125
0.859187
0.857375
0.856437
0.855750
0.854250
0.853562
0.852937
0.852375
0.851250
0.850687
0.850125
0.849063
0.848688
0.848688
0.857312
0.867125
0.880687
0.897562
0.938562
0.960500
0.980937
1.023437
1.042937
1.061000
1.089625
1.099750
1.107563
1.112125
1.114125
1.111937
1.107750
1.098375
1.095250
1.092312
1.089812
1.085062
1.082875
1.080875
1.077312
1.075688
1.074312
1.071687
1.070438
1.069187
1.067937
1.065500
1.064437
1.063375
1.061313
1.060312
1.059125
1.056937
1.055812
1.054750
1.053625
1.051813
1.051125
1.050375
1.048750
1.047937
1.047062
1.045500
1.044875
1.044250
1.043563
1.042438
1.041937
1.041500
1.040562
1.040125
1.040375
1.050000
1.060375
1.074563
1.091437
1.131375
1.152625
1.172875
1.210438
1.227437
1.242125
1.266000
1.274438
1.280562
1.284375
1.285313
1.282562
1.277938
1.270437
1.267500
1.264875
1.262437
1.258125
1.256062
1.254125
1.250437
1.248750
1.247250
1.244500
1.243375
1.242187
1.241062
1.238812
1.237687
1.236500
1.234500
1.233625
1.232813
1.231312
1.230562
1.229750
1.229125
1.227625
1.226875
1.226187
1.224875
1.224125
1.223375
1.222000
1.221375
1.220750
1.220188
1.219062
1.218438
1.217937
1.216875
1.216562
1.217563
1.227000
1.234938
1.244625
1.255687
1.279750
1.291563
1.302500
1.319563
1.325187
1.328750
1.328875
1.326687
1.323812
1.321437
1.317937
1.316437
1.315062
1.312562
1.311437
1.310375
1.309375
1.307687
1.307062
1.306375
1.305125
1.304500
1.303750
1.302187
1.301312
1.300437
1.299562
1.297875
1.297062
1.296375
1.294937
1.294250
1.293625
1.292375
1.291687
1.291125
1.290500
1.289375
1.288750
1.288187
1.287125
1.286625
1.286125
1.285250
1.284875
1.284500
1.284125
1.283187
1.282750
1.282250
1.281375
1.281000
1.280562
1.279688
1.279250
1.278813
1.278437
1.277500
1.277000
1.276562
1.275812
1.275500
1.275125
1.274375
1.273937
1.273625
1.273125
1.272375
1.271937
1.271625
1.271000
1.270687
1.270250
1.269937
1.269187
1.268875
1.268500
1.267875
1.267562
1.267250
1.266500
1.266125
1.265687
1.265375
1.264750
1.264500
1.264438
1.264438
1.264312
1.264250
1.264000
1.263750
1.263500
1.263125
1.262313
1.261812
1.261375
1.260437
1.260125
1.259750
1.259000
1.258687
1.258375
1.258125
1.257437
1.257125
1.256750
1.256000
1.255687
1.255437
1.255000
1.254812
1.254562
1.254312
1.253875
1.253625
1.253375
1.252812
1.252437
1.252187
1.251562
1.251312
1.250937
1.250625
1.250000
1.249812
1.249500
1.248937
1.248687
1.248375
1.248062
1.247563
1.247313
1.247062
1.246625
1.246250
1.245937
1.245250
1.245062
1.244875
1.244688
1.244313
1.244000
1.243750
1.243188
1.242875
1.242625
1.242125
1.241937
1.241688
1.241375
1.240937
1.240687
1.240437
1.240125
1.240062
1.240062
1.240125
1.240125
1.240062
1.240062
1.239750
1.239437
1.239187
1.238500
1.238250
1.237875
1.237125
1.236812
1.236625
1.236312
1.235750
1.235500
1.235312
1.234687
1.234437
1.234063
1.233438
1.233188
1.233062
1.232875
1.232563
1.232375
1.232187
1.231750
1.231562
1.231437
1.231312
1.230813
1.230500
1.230312
1.229687
1.229437
1.229063
1.228750
1.228500
1.228375
1.228062
1.227563
1.227250
1.226938
1.226312
1.226187
1.226063
1.225750
1.225500
1.225312
1.225000
1.224500
1.224375
1.224187
1.223625
1.223312
1.223062
1.222563
1.222437
1.222187
1.222000
1.221500
1.221312
1.221063
1.220562
1.220312
1.220125
1.219875
1.219937
1.220000
1.220125
1.220250
1.220250
1.220125
1.219687
1.219375
1.219062
1.218500
1.218062
1.217813
1.217500
1.216875
1.216562
1.216313
1.215812
1.215625
1.215375
1.215250
1.214750
1.214437
1.214062
1.213625
1.213500
1.213375
1.213063
1.212875
1.212687
1.212500
1.212188
1.211938
1.211750
1.211250
1.211000
1.210687
1.210188
1.209875
1.209500
1.209250
1.208812
1.208562
1.208375
1.208000
1.207813
1.207625
1.207125
1.206875
1.206687
1.206375
1.205937
1.205687
1.205562
1.205250
1.205062
1.204813
1.204375
1.204187
1.203938
1.203750
1.203312
1.203187
1.203000
1.202562
1.202375
1.202125
1.201687
1.201500
1.201313
1.201187
1.200875
1.200875
1.200875
1.201125
1.201187
1.201250
1.201187
1.200937
1.200688
1.200500
1.199875
1.199563
1.199187
1.198562
1.198312
1.198000
1.197687
1.197250
1.197062
1.196937
1.196563
1.196313
1.196062
1.195562
1.195375
1.195125
1.195000
1.194625
1.194500
1.194312
1.194000
1.193812
1.193688
1.193313
1.193125
1.192937
1.192750
1.192312
1.192062
1.191812
1.191375
1.191125
1.191000
1.190562
1.190375
1.190187
1.189937
1.189500
1.189188
1.188938
1.188500
1.188250
1.188000
1.187500
1.187375
1.187188
1.187000
1.186750
1.186625
1.186437
1.186000
1.185812
1.185562
1.185375
1.184875
1.184687
1.184500
1.184062
1.183938
1.183812
1.183375
1.183187
1.183000
1.182875
1.182687
1.182687
1.182875
1.183125
1.183187
1.183187
1.183063
1.182812
1.182562
1.182250
1.181500
1.181250
1.180938
1.180312
1.180000
1.179750
1.179312
1.179125
1.178875
1.178687
1.178125
1.177937
1.177750
1.177250
1.177062
1.176875
1.176500
1.176250
1.176125
1.176062
1.175812
1.175750
1.175500
1.175063
1.174813
1.174625
1.174125
1.173875
1.173625
1.173500
1.173125
1.172875
1.172688
1.172187
1.172000
1.171813
1.171563
1.171187
1.171000
1.170812
1.170375
1.170187
1.170000
1.169625
1.169438
1.169250
1.169125
1.168687
1.168563
1.168375
1.167937
1.167688
1.167562
1.167312
1.167187
1.166937
1.166563
1.164562
1.164750
1.165063
1.164875
1.164750
1.164625
1.164250
1.164312
1.164562
1.164687
1.164937
1.165000
1.165125
1.164937
1.164812
1.164500
1.164062
1.163750
1.163437
1.163125
1.162625
1.162312
1.162125
1.161625
1.161375
1.161000
1.159875
1.159125
1.158250
1.158187
1.158437
1.158625
1.158500
1.158187
1.158000
1.157812
1.157688
1.157250
1.156937
1.156813
1.156562
1.156625
1.156562
1.156062
1.155812
1.155562
1.155313
1.154875
1.154750
1.154625
1.154250
1.154125
1.153875
1.153437
1.153187
1.152938
1.152750
1.152312
1.152125
1.152000
1.151562
1.151312
1.151125
1.150687
1.150500
1.150375
1.150125
1.149688
1.149500
1.149187
1.148875
1.148687
1.148500
1.148250
1.148000
1.147750
1.147625
1.147187
1.147000
1.146750
1.146438
1.146500
1.146562
1.146813
1.146875
1.146937
1.147000
1.146813
1.146562
1.146375
1.145687
1.145313
1.144937
1.144625
1.144062
1.143875
1.143563
1.143125
1.142938
1.142750
1.142250
1.142000
1.141750
1.141500
1.141062
1.140875
1.140750
1.140437
1.140313
1.140250
1.140062
1.139875
1.139750
1.139562
1.139125
1.138875
1.138562
1.138125
1.137938
1.137687
1.137313
1.137125
1.136937
1.136750
1.136312
1.136125
1.135875
1.135500
1.135250
1.135000
1.134625
1.134437
1.134250
1.134000
1.133687
1.133500
1.133375
1.133062
1.132812
1.132625
1.132063
1.131875
1.131625
1.131438
1.131062
1.130875
1.130625
1.130375
1.130187
1.130000
1.129750
1.129375
1.129250
1.129187
1.129250
1.129437
1.129562
1.129750
1.129812
1.129688
1.129500
1.128937
1.128625
1.128312
1.127687
1.127313
1.127063
1.126500
1.126312
1.126062
1.125937
1.125500
1.125312
1.125000
1.124500
1.124125
1.123875
1.123438
1.123250
1.123125
1.123062
1.122875
1.122750
1.122625
1.122250
1.122062
1.121812
1.121438
1.121187
1.121062
1.120750
1.120312
1.120062
1.119812
1.119250
1.119000
1.118687
1.118438
1.118250
1.118062
1.117812
1.117437
1.117187
1.117000
1.116562
1.116438
1.116250
1.116125
1.115750
1.115500
1.115250
1.114875
1.114687
1.114437
1.114187
1.114000
1.113812
1.113562
1.113188
1.113000
1.112812
1.112375
1.112187
1.111937
1.111438
1.111187
1.111063
1.111000
1.111187
1.111375
1.111562
1.111812
1.111750
1.111625
1.111125
1.110875
1.110500
1.110188
1.109500
1.109187
1.108937
1.108438
1.108125
1.108000
1.107500
1.107250
1.107062
1.106875
1.106250
1.106000
1.105687
1.105375
1.105250
1.105125
1.104812
1.104625
1.104437
1.104313
1.103937
1.103688
1.103438
1.103062
1.102813
1.102563
1.102250
1.101812
1.101562
1.101312
1.100875
1.100625
1.100437
1.099938
1.099687
1.099437
1.099250
1.098750
1.098500
1.098312
1.097937
1.097687
1.097563
1.097062
1.096938
1.096688
1.096562
1.096125
1.095875
1.095625
1.095125
1.095000
1.094687
1.094313
1.094187
1.094000
1.093750
1.093312
1.093000
1.092875
1.092375
1.092187
1.091938
1.091812
1.091875
1.092000
1.092062
1.092375
1.092375
1.092375
1.092062
1.091687
1.091375
1.090562
1.090188
1.089812
1.089500
1.088937
1.088688
1.088375
1.087937
1.087687
1.087437
1.087188
1.086687
1.086375
1.086125
1.085687
1.085500
1.085250
1.085000
1.084813
1.084750
1.084563
1.084187
1.084000
1.083812
1.083250
1.083000
1.082750
1.082188
1.081938
1.081687
1.081562
1.081000
1.080812
1.080562
1.080062
1.079750
1.079563
1.079062
1.078875
1.078688
1.078437
1.077937
1.077750
1.077437
1.077062
1.076875
1.076687
1.076250
1.076000
1.075750
1.075500
1.075125
1.074875
1.074625
1.074187
1.074000
1.073750
1.073250
1.072937
1.072750
1.072438
1.072000
1.071812
1.071625
1.071500
1.071563
1.071625
1.071812
1.071875
1.071875
1.071750
1.071250
1.070875
1.070562
1.069813
1.069437
1.069125
1.068750
1.068063
1.067687
1.067438
1.066937
1.066687
1.066437
1.065937
1.065562
1.065250
1.064937
1.064437
1.064312
1.064250
1.063938
1.063812
1.063562
1.063125
1.062875
1.062562
1.062250
1.061812
1.061500
1.061250
1.060562
1.060250
1.060000
1.059562
1.059375
1.059125
1.058938
1.058375
1.058125
1.057812
1.057438
1.057125
1.056937
1.056437
1.056250
1.055938
1.055625
1.055187
1.054937
1.054687
1.054375
1.054125
1.053938
1.053750
1.053313
1.053125
1.052875
1.052500
1.052187
1.052000
1.051500
1.051312
1.051062
1.050812
1.050437
1.050312
1.050375
1.050562
1.050688
1.050750
1.050688
1.050625
1.050375
1.050125
1.049437
1.049062
1.048687
1.047937
1.047500
1.047250
1.046625
1.046312
1.046062
1.045812
1.045313
1.045000
1.044750
1.044125
1.043875
1.043687
1.043313
1.043062
1.042875
1.042688
1.042312
1.042062
1.041937
1.041625
1.041312
1.041062
1.040437
1.040063
1.039750
1.039438
1.038937
1.038750
1.038437
1.038000
1.037688
1.037500
1.037187
1.036750
1.036500
1.036250
1.035750
1.035500
1.035250
1.034750
1.034375
1.034188
1.033937
1.033563
1.033250
1.033000
1.032562
1.032250
1.031937
1.031500
1.031188
1.031000
1.030750
1.030313
1.030125
1.029875
1.029375
1.029125
1.029062
1.029125
1.029250
1.029312
1.029438
1.029375
1.029312
1.029125
1.028563
1.028187
1.027812
1.026937
1.026500
1.026188
1.025812
1.025187
1.024875
1.024562
1.024000
1.023750
1.023437
1.022875
1.022500
1.022250
1.022063
1.021687
1.021500
1.021250
1.020937
1.020812
1.020625
1.020437
1.019875
1.019625
1.019312
1.018813
1.018563
1.018312
1.017750
1.017437
1.017250
1.017000
1.016438
1.016188
1.015875
1.015313
1.015062
1.014750
1.014312
1.014063
1.013813
1.013625
1.013250
1.013062
1.012812
1.012313
1.012063
1.011750
1.011250
1.010937
1.010750
1.010500
1.010125
1.009938
1.009688
1.009187
1.009000
1.008750
1.008250
1.008062
1.007875
1.007687
1.007687
1.007812
1.007875
1.008125
1.008188
1.008125
1.007812
1.007562
1.007125
1.006750
1.005813
1.005375
1.004875
1.004187
1.003875
1.003625
1.003312
1.002750
1.002562
1.002313
1.001625
1.001250
1.000813
1.000437
1.000187
1.000062
0.999875
0.999500
0.999250
0.999062
0.998687
0.998375
0.998250
0.997688
0.997312
0.997062
0.996687
0.996063
0.995812
0.995500
0.995000
0.994687
0.994375
0.993937
0.993625
0.993312
0.993062
0.992562
0.992313
0.992125
0.991562
0.991375
0.991125
0.990625
0.990375
0.990188
0.989875
0.989437
0.989188
0.989000
0.988375
0.988250
0.987938
0.987562
0.987312
0.987125
0.986875
0.986312
0.986188
0.986063
0.986312
0.986437
0.986562
0.986687
0.986687
0.986562
0.986312
0.985625
0.985313
0.984812
0.983938
0.983500
0.983062
0.982625
0.981875
0.981500
0.981188
0.980625
0.980375
0.980000
0.979312
0.979000
0.978750
0.978500
0.978187
0.978000
0.977937
0.977562
0.977375
0.977125
0.976562
0.976375
0.976125
0.975813
0.975250
0.974938
0.974625
0.974063
0.973750
0.973437
0.972812
0.972562
0.972313
0.972000
0.971375
0.971125
0.970875
0.970438
0.970187
0.969937
0.969375
0.969062
0.968813
0.968625
0.968125
0.967875
0.967625
0.967062
0.966875
0.966563
0.966312
0.965875
0.965625
0.965437
0.964937
0.964813
0.964813
0.964937
0.965187
0.965437
0.965625
0.965875
0.965875
0.965687
0.965250
0.964750
0.964312
0.963250
0.962750
0.962187
0.961687
0.960875
0.960437
0.960125
0.959562
0.959375
0.959125
0.958562
0.958187
0.957812
0.957437
0.957062
0.956875
0.956750
0.956375
0.956312
0.956062
0.955500
0.955250
0.955000
0.954687
0.954125
0.953812
0.953437
0.952812
0.952500
0.952250
0.951625
0.951312
0.951000
0.950687
0.950125
0.949875
0.949625
0.949125
0.948812
0.948500
0.948187
0.947500
0.947187
0.946937
0.946312
0.946000
0.945625
0.945063
0.944812
0.944500
0.944188
0.943625
0.943250
0.942937
0.942375
0.942187
0.941938
0.941312
0.941125
0.940875
0.940750
0.940812
0.941000
0.941125
0.941437
0.941500
0.941437
0.941125
0.940750
0.940375
0.939937
0.938750
0.938125
0.937563
0.936437
0.935937
0.935562
0.934937
0.934625
0.934250
0.934000
0.933125
0.932687
0.932312
0.931687
0.931437
0.931188
0.930875
0.930625
0.930500
0.930313
0.929813
0.929500
0.929125
0.928437
0.928125
0.927750
0.927062
0.926750
0.926437
0.926062
0.925375
0.925062
0.924687
0.924062
0.923812
0.923500
0.923188
0.922562
0.922187
0.921875
0.921312
0.921063
0.920750
0.920250
0.920000
0.919812
0.919500
0.918937
0.918688
0.918375
0.917813
0.917437
0.917187
0.916562
0.916312
0.915937
0.915625
0.915062
0.914875
0.914688
0.914437
0.914437
0.914500
0.914750
0.915000
0.915125
0.915312
0.915563
0.915437
0.915250
0.914437
0.913875
0.913437
0.912250
0.911687
0.911125
0.910688
0.909687
0.909250
0.908750
0.907875
0.907375
0.907000
0.906313
0.906062
0.905813
0.905562
0.905187
0.904937
0.904625
0.904125
0.903875
0.903562
0.903250
0.902687
0.902375
0.902000
0.901250
0.900875
0.900500
0.899750
0.899437
0.899125
0.898937
0.898437
0.898312
0.898188
0.897875
0.898062
0.898188
0.898250
0.898188
0.898188
0.898062
0.897688
0.897437
0.897250
0.896813
0.896625
0.896312
0.895875
0.895687
0.895375
0.895063
0.894687
0.894375
0.894188
0.893625
0.893375
0.893062
0.892438
0.892125
0.891875
0.891687
0.891750
0.891875
0.892000
0.892250
0.892313
0.892375
0.892250
0.892125
0.891812
0.891500
0.890312
0.889687
0.888937
0.887750
0.887187
0.886750
0.886375
0.885500
0.885125
0.884812
0.883875
0.883375
0.883000
0.882375
0.882125
0.881937
0.881750
0.881500
0.881250
0.881000
0.880500
0.880125
0.879875
0.879250
0.878937
0.878563
0.878125
0.877125
0.876688
0.876250
0.875375
0.875063
0.874687
0.873875
0.873563
0.873187
0.872875
0.872000
0.871562
0.871187
0.870562
0.870312
0.870000
0.869375
0.868937
0.868625
0.868250
0.867625
0.867187
0.866938
0.866250
0.865875
0.865563
0.864875
0.864562
0.864313
0.863937
0.863375
0.863187
0.863062
0.862938
0.863000
0.863187
0.863312
0.863625
0.863750
0.863687
0.863437
0.863187
0.862812
0.861750
0.861063
0.860437
0.859750
0.858437
0.857875
0.857375
0.856437
0.856000
0.855562
0.854500
0.853938
0.853437
0.853063
0.852562
0.852312
0.852062
0.851750
0.851562
0.851313
0.850937
0.850562
0.850250
0.849875
0.849125
0.848750
0.848312
0.847500
0.847062
0.846625
0.845750
0.845312
0.844812
0.844437
0.843750
0.843500
0.843125
0.842500
0.842125
0.841875
0.841187
0.840875
0.840625
0.840312
0.839688
0.839437
0.839188
0.838437
0.838125
0.837812
0.837438
0.836875
0.836625
0.836312
0.835688
0.835437
0.835375
0.835375
0.835625
0.835875
0.836125
0.836563
0.836812
0.836875
0.836812
0.836625
0.836375
0.835437
0.834875
0.834250
0.833500
0.832000
0.831312
0.830687
0.829500
0.828937
0.828437
0.827313
0.826750
0.826250
0.825813
0.825187
0.824938
0.824812
0.824437
0.824312
0.824063
0.823687
0.823500
0.823250
0.822937
0.822187
0.821813
0.821437
0.820562
0.820187
0.819687
0.818750
0.818313
0.817875
0.817438
0.816750
0.816500
0.816125
0.815437
0.815062
0.814750
0.814313
0.813750
0.813375
0.813125
0.812437
0.812187
0.811812
0.811063
0.810812
0.810562
0.810250
0.809687
0.809437
0.809062
0.808500
0.808187
0.807875
0.807562
0.807625
0.807750
0.808062
0.808687
0.809062
0.809375
0.809812
0.809937
0.810000
0.809625
0.809437
0.809062
0.808687
0.807500
0.806875
0.806188
0.804813
0.804062
0.803500
0.802062
0.801250
0.800500
0.799812
0.798750
0.798312
0.798000
0.797500
0.797312
0.797187
0.796875
0.796687
0.796562
0.796375
0.795875
0.795562
0.795250
0.794625
0.794250
0.793812
0.793375
0.792437
0.791937
0.791438
0.790500
0.790187
0.789812
0.789125
0.788750
0.788312
0.787938
0.787312
0.786937
0.786687
0.786062
0.785687
0.785375
0.784687
0.784312
0.784000
0.783687
0.783000
0.782625
0.782312
0.781562
0.781250
0.780937
0.780437
0.780125
0.779875
0.779562
0.779062
0.779000
0.779062
0.779500
0.779750
0.780125
0.781000
0.781375
0.781750
0.782000
0.782375
0.782375
0.782250
0.781750
0.781250
0.780812
0.779687
0.779000
0.778250
0.777500
0.776000
0.775250
0.774375
0.772500
0.771625
0.770812
0.770125
0.769125
0.768875
0.768625
0.768187
0.768000
0.767812
0.767375
0.767187
0.766875
0.766562
0.765937
0.765562
0.765187
0.764250
0.763750
0.763313
0.762438
0.762000
0.761625
0.761250
0.760437
0.760062
0.759562
0.758687
0.758375
0.758000
0.757375
0.757062
0.756813
0.756625
0.756000
0.755625
0.755312
0.754562
0.754250
0.753812
0.753125
0.752812
0.752562
0.752187
0.751562
0.751125
0.750812
0.750187
0.749812
0.749500
0.749062
0.749125
0.749125
0.749375
0.750000
0.750437
0.751000
0.751937
0.752187
0.752562
0.752750
0.752812
0.752562
0.752312
0.751500
0.751000
0.750375
0.748875
0.748062
0.747250
0.746437
0.744750
0.743750
0.742937
0.741188
0.740562
0.740062
0.739313
0.739062
0.738812
0.738625
0.738187
0.737937
0.737688
0.737125
0.736812
0.736500
0.735875
0.735500
0.735125
0.734625
0.733750
0.733250
0.732750
0.731750
0.731250
0.730937
0.730062
0.729750
0.729250
0.728875
0.728063
0.727687
0.727312
0.726687
0.726375
0.726125
0.725500
0.725187
0.724875
0.724500
0.723813
0.723437
0.723125
0.722437
0.722063
0.721687
0.721375
0.720625
0.720250
0.719937
0.719250
0.718937
0.718562
0.717937
0.717812
0.717750
0.718000
0.718625
0.719062
0.719500
0.720500
0.721000
0.721437
0.721937
0.721937
0.721875
0.721625
0.720875
0.720187
0.719500
0.717937
0.717125
0.716312
0.714688
0.713750
0.712875
0.711750
0.709687
0.708812
0.708000
0.706937
0.706562
0.706250
0.705687
0.705437
0.705125
0.704875
0.704437
0.704125
0.703875
0.703062
0.702625
0.702187
0.701125
0.700625
0.700062
0.699625
0.698625
0.698187
0.697688
0.696625
0.696062
0.695625
0.695125
0.694188
0.693812
0.693500
0.692687
0.692250
0.691875
0.691125
0.690687
0.690375
0.690062
0.689312
0.689000
0.688562
0.687750
0.687375
0.686937
0.686063
0.685750
0.685375
0.685062
0.684250
0.684000
0.683750
0.683875
0.684125
0.684562
0.685500
0.686000
0.686562
0.687062
0.687875
0.688187
0.688375
0.688437
0.688000
0.687437
0.686000
0.685188
0.684500
0.683687
0.682125
0.681375
0.680625
0.678937
0.678000
0.677062
0.675250
0.674375
0.673625
0.672937
0.671875
0.671437
0.671187
0.670562
0.670375
0.670000
0.669687
0.669000
0.668562
0.668187
0.667437
0.667000
0.666500
0.665500
0.664875
0.664312
0.663813
0.662812
0.662250
0.661812
0.660875
0.660375
0.659875
0.659125
0.658687
0.658250
0.657875
0.657062
0.656687
0.656312
0.655562
0.655187
0.654875
0.654125
0.653750
0.653437
0.653063
0.652312
0.651937
0.651688
0.651125
0.650750
0.650437
0.650125
0.650187
0.650375
0.650687
0.651688
0.652375
0.653000
0.654500
0.655187
0.655812
0.656687
0.656687
0.656375
0.655875
0.654687
0.654125
0.653562
0.652375
0.651875
0.651250
0.650563
0.649000
0.648125
0.647125
0.645250
0.644375
0.643687
0.642500
0.642125
0.641750
0.641500
0.641062
0.640875
0.640625
0.640187
0.639812
0.639500
0.638750
0.638375
0.637875
0.637375
0.636250
0.635625
0.635062
0.633812
0.633187
0.632563
0.631312
0.630687
0.630312
0.629875
0.629437
0.629250
0.629062
0.628500
0.628125
0.627750
0.627062
0.626750
0.626562
0.626187
0.625687
0.625250
0.624937
0.624187
0.623812
0.623437
0.622812
0.622562
0.622187
0.621875
0.621312
0.621312
0.621312
0.622062
0.622688
0.623375
0.624187
0.625875
0.626625
0.627375
0.628500
0.628500
0.628187
0.627312
0.626875
0.626375
0.625812
0.624750
0.624312
0.623812
0.622812
0.622187
0.621500
0.619937
0.619125
0.618250
0.617500
0.616250
0.615812
0.615437
0.614812
0.614438
0.614250
0.613687
0.613437
0.613062
0.612812
0.612000
0.611500
0.610937
0.609875
0.609187
0.608687
0.607500
0.606875
0.606250
0.605625
0.604312
0.603688
0.603063
0.601625
0.601000
0.600312
0.599125
0.598500
0.598000
0.597562
0.596625
0.596125
0.595750
0.594750
0.594375
0.594000
0.593562
0.592937
0.592625
0.592313
0.591625
0.591187
0.590937
0.590312
0.590062
0.590125
0.590375
0.591375
0.592125
0.593062
0.595125
0.596125
0.597125
0.598500
0.598500
0.598375
0.598062
0.597375
0.597000
0.596562
0.595812
0.595500
0.595125
0.594437
0.593937
0.593437
0.592875
0.591562
0.591000
0.590437
0.589562
0.589125
0.588750
0.588187
0.587937
0.587687
0.587438
0.586937
0.586625
0.586250
0.585375
0.584938
0.584500
0.583625
0.583188
0.582625
0.582125
0.581000
0.580500
0.579813
0.578687
0.578062
0.577500
0.576875
0.575687
0.575250
0.574750
0.573750
0.573187
0.572625
0.571563
0.570938
0.570500
0.569937
0.568937
0.568500
0.568000
0.567000
0.566437
0.566062
0.565125
0.564750
0.564312
0.563937
0.563562
0.563625
0.563937
0.565187
0.566062
0.567062
0.569125
0.570125
0.570750
0.571125
0.571062
0.570938
0.570750
0.570375
0.570250
0.569937
0.569687
0.569437
0.569250
0.569062
0.568625
0.568313
0.567937
0.567062
0.566688
0.566312
0.565750
0.565500
0.565312
0.565062
0.564687
0.564437
0.564125
0.563437
0.563125
0.562812
0.562437
0.561687
0.561187
0.560687
0.559562
0.559000
0.558438
0.557437
0.556875
0.556312
0.555750
0.554625
0.554000
0.553375
0.552125
0.551500
0.550937
0.549812
0.549250
0.548687
0.548125
0.547062
0.546500
0.545937
0.544812
0.544250
0.543688
0.542625
0.542062
0.541438
0.541000
0.539875
0.539437
0.538937
0.538063
0.537750
0.537625
0.538000
0.538500
0.539125
0.539937
0.541812
0.542500
0.543000
0.543812
0.544062
0.544437
0.545062
0.545187
0.545250
0.545250
0.545062
0.544875
0.544625
0.544312
0.544062
0.543688
0.543250
0.542313
0.541875
0.541375
0.540500
0.540125
0.539688
0.539000
0.538687
0.538437
0.538125
0.537312
0.536937
0.536437
0.535500
0.535187
0.534750
0.534000
0.533500
0.533062
0.532500
0.531500
0.530875
0.530375
0.529437
0.529000
0.528437
0.527437
0.526875
0.526437
0.525875
0.524875
0.524312
0.523750
0.522875
0.522375
0.522000
0.520937
0.520437
0.519937
0.519437
0.518437
0.518000
0.517562
0.516812
0.516437
0.516062
0.515187
0.514812
0.514500
0.514250
0.514500
0.514937
0.515437
0.516875
0.517500
0.518062
0.518437
0.518750
0.518750
0.518687
0.518437
0.518187
0.517875
0.517500
0.517375
0.517187
0.517000
0.516437
0.516187
0.515812
0.515062
0.514562
0.514188
0.513250
0.512875
0.512375
0.511937
0.511125
0.510812
0.510437
0.510000
0.509687
0.509437
0.508812
0.508500
0.508125
0.507687
0.506937
0.506562
0.506125
0.505312
0.504875
0.504500
0.503812
0.503375
0.503000
0.502625
0.501812
0.501375
0.500937
0.500000
0.499625
0.499250
0.498437
0.498062
0.497688
0.497312
0.496500
0.496062
0.495688
0.494875
0.494437
0.494062
0.493250
0.492813
0.492438
0.492000
0.491250
0.490875
0.490563
0.490000
0.489750
0.489750
0.490000
0.490687
0.491125
0.491438
0.491812
0.491875
0.491875
0.491875
0.491688
0.491625
0.491375
0.490875
0.490625
0.490438
0.490000
0.489750
0.489500
0.488875
0.488500
0.488063
0.487625
0.486688
0.486250
0.485812
0.485125
0.484750
0.484437
0.483750
0.483375
0.483063
0.482750
0.482188
0.481937
0.481500
0.480875
0.480500
0.480125
0.479438
0.479062
0.478750
0.478375
0.477562
0.477188
0.476750
0.475813
0.475250
0.474875
0.473938
0.473375
0.472938
0.472438
0.471625
0.471188
0.470875
0.470125
0.469750
0.469313
0.468937
0.468125
0.467813
0.467500
0.466875
0.466500
0.466188
0.465375
0.465062
0.464688
0.464375
0.463750
0.463437
0.463125
0.462750
0.462750
0.462938
0.463313
0.463563
0.463750
0.463813
0.463937
0.463875
0.463750
0.463500
0.463313
0.463125
0.462688
0.462500
0.462188
0.461937
0.461375
0.461063
0.460812
0.460063
0.459687
0.459188
0.458125
0.457750
0.457375
0.457000
0.456250
0.455938
0.455625
0.455000
0.454688
0.454375
0.453750
0.453563
0.453250
0.452938
0.452188
0.451813
0.451375
0.450625
0.450312
0.450000
0.449625
0.448875
0.448500
0.448125
0.447313
0.446875
0.446500
0.445750
0.445313
0.444937
0.444500
0.443750
0.443438
0.443063
0.442500
0.442125
0.441875
0.441125
0.440750
0.440375
0.440000
0.439250
0.438875
0.438437
0.437750
0.437375
0.437063
0.436437
0.436000
0.435688
0.435250
0.434875
0.434875
0.434875
0.435062
0.435188
0.435250
0.435250
0.435250
0.435188
0.435125
0.434875
0.434687
0.434500
0.434000
0.433750
0.433500
0.433000
0.432813
0.432500
0.432125
0.431312
0.430938
0.430375
0.429500
0.429000
0.428625
0.428313
0.427625
0.427312
0.427000
0.426437
0.426187
0.425938
0.425312
0.425000
0.424688
0.424250
0.423625
0.423250
0.423000
0.422438
0.422125
0.421750
0.421000
0.420625
0.420250
0.419937
0.419437
0.419062
0.418688
0.418000
0.417625
0.417313
0.416688
0.416375
0.416063
0.415750
0.415000
0.414688
0.414313
0.413625
0.413313
0.413000
0.412188
0.411875
0.411500
0.411250
0.410500
0.410188
0.409875
0.409313
0.409000
0.408812
0.408625
0.408750
0.408812
0.408938
0.409125
0.409063
0.409125
0.409125
0.409063
0.409000
0.408875
0.408438
0.408375
0.408125
0.407625
0.407313
0.407063
0.406500
0.406188
0.405813
0.405562
0.404750
0.404375
0.403938
0.403188
0.402937
0.402687
0.402125
0.401875
0.401625
0.401313
0.400563
0.400250
0.400000
0.399563
0.399375
0.399063
0.398437
0.398062
0.397688
0.397250
0.396563
0.396188
0.395938
0.395375
0.395000
0.394625
0.393875
0.393438
0.393063
0.392688
0.392000
0.391688
0.391313
0.390687
0.390313
0.390000
0.389375
0.389000
0.388750
0.388438
0.387750
0.387500
0.387125
0.386438
0.386063
0.385812
0.385500
0.384938
0.384688
0.384438
0.384125
0.384187
0.384187
0.384500
0.384562
0.384688
0.384688
0.384562
0.384438
0.384313
0.384000
0.383812
0.383625
0.383250
0.383000
0.382750
0.382437
0.381937
0.381688
0.381375
0.380750
0.380375
0.379938
0.379125
0.378750
0.378437
0.378188
0.377750
0.377438
0.377125
0.376625
0.376375
0.376125
0.375563
0.375313
0.375125
0.374875
0.374187
0.373875
0.373500
0.372813
0.372438
0.372187
0.371563
0.371188
0.370813
0.370438
0.369812
0.369437
0.369125
0.368438
0.368187
0.367875
0.367563
0.366937
0.366562
0.366188
0.365375
0.365000
0.364688
0.364188
0.363937
0.363687
0.363313
0.362625
0.362313
0.361937
0.361313
0.361000
0.360750
0.360375
0.360312
0.360438
0.360500
0.360750
0.360812
0.360875
0.360812
0.360750
0.360625
0.360312
0.360125
0.360000
0.359750
0.359313
0.359063
0.358875
0.358438
0.358125
0.357875
0.357313
0.357063
0.356687
0.356375
0.355687
0.355313
0.355000
0.354375
0.354063
0.353812
0.353438
0.353250
0.353000
0.352750
0.352313
0.352000
0.351688
0.351063
0.350750
0.350437
0.350125
0.349500
0.349187
0.348875
0.348188
0.347813
0.347500
0.346875
0.346625
0.346250
0.345937
0.345313
0.345000
0.344563
0.344063
0.343750
0.343500
0.342875
0.342563
0.342125
0.341875
0.341250
0.340875
0.340625
0.340000
0.339812
0.339563
0.339188
0.338937
0.338688
0.338375
0.338000
0.337938
0.337938
0.338187
0.338375
0.338438
0.338500
0.338500
0.338438
0.338313
0.338000
0.337875
0.337687
0.337188
0.337063
0.336875
0.336563
0.336375
0.336125
0.335875
0.335188
0.334812
0.334375
0.333812
0.333500
0.333313
0.333063
0.332687
0.332437
0.332250
0.331750
0.331562
0.331250
0.330750
0.330500
0.330312
0.330063
0.329625
0.329313
0.329062
0.328562
0.328250
0.328000
0.327375
0.327125
0.326875
0.326625
0.326000
0.325688
0.325375
0.324750
0.324437
0.324187
0.323563
0.323250
0.323000
0.322688
0.322188
0.321938
0.321563
0.320938
0.320625
0.320313
0.319750
0.319438
0.319187
0.318875
0.318313
0.318000
0.317813
0.317625
0.317563
0.317563
0.317688
0.317625
0.317688
0.317688
0.317688
0.317625
0.317438
0.317062
0.316875
0.316500
0.316250
0.315625
0.315438
0.315250
0.314750
0.314500
0.314312
0.313688
0.313250
0.312813
0.312438
0.311812
0.311500
0.311188
0.310750
0.310562
0.310250
0.309687
0.309313
0.309000
0.308812
0.308250
0.308063
0.307750
0.307000
0.306875
0.306437
0.305813
0.305562
0.305313
0.304938
0.304250
0.303938
0.303500
0.302750
0.302375
0.302063
0.301500
0.301125
0.300813
0.300500
0.299875
0.299563
0.299250
0.298625
0.298250
0.297938
0.297250
0.297000
0.296688
0.296438
0.295812
0.295625
0.295187
0.294625
0.294437
0.294313
0.294313
0.294375
0.294375
0.294375
0.294250
0.294125
0.294000
0.293563
0.293375
0.293250
0.293063
0.292688
0.292438
0.292125
0.291625
0.291312
0.291000
0.290375
0.290062
0.289688
0.289313
0.288687
0.288375
0.288125
0.287688
0.287438
0.287188
0.286563
0.286250
0.285937
0.285688
0.285313
0.285062
0.284875
0.284312
0.284000
0.283625
0.283000
0.282625
0.282313
0.282063
0.281437
0.281000
0.280688
0.280125
0.279875
0.279500
0.279000
0.278625
0.278250
0.277875
0.277188
0.276875
0.276563
0.276000
0.275687
0.275375
0.275063
0.274375
0.274000
0.273688
0.273062
0.272812
0.272625
0.272063
0.271750
0.271500
0.271312
0.271000
0.271000
0.270875
0.270750
0.270625
0.270438
0.270125
0.269937
0.269688
0.269375
0.268875
0.268625
0.268250
0.267750
0.267437
0.267125
0.266562
0.266250
0.265938
0.265625
0.264875
0.264500
0.264125
0.263375
0.263063
0.262750
0.262250
0.262000
0.261813
0.261500
0.260938
0.260750
0.260437
0.259875
0.259562
0.259313
0.258687
0.258312
0.258000
0.257625
0.257125
0.256687
0.256375
0.255750
0.255375
0.255063
0.254688
0.254125
0.253813
0.253625
0.253125
0.252813
0.252500
0.251812
0.251500
0.251125
0.250813
0.250125
0.249875
0.249563
0.248813
0.248438
0.248125
0.247438
0.247125
0.246750
0.246500
0.246000
0.245750
0.245563
0.245313
0.245188
0.245063
0.244688
0.244438
0.244250
0.244062
0.243688
0.243375
0.243125
0.242500
0.242125
0.241812
0.241125
0.240750
0.240375
0.240062
0.239313
0.238875
0.238500
0.237750
0.237438
0.237063
0.236438
0.236125
0.235750
0.235375
0.234875
0.234688
0.234563
0.234000
0.233688
0.233313
0.232938
0.232313
0.232000
0.231750
0.231188
0.230875
0.230500
0.229813
0.229563
0.229375
0.229063
0.228375
0.228000
0.227625
0.226938
0.226563
0.226250
0.225750
0.225500
0.225125
0.224813
0.224125
0.223813
0.223500
0.223063
0.222750
0.222563
0.222063
0.221813
0.221625
0.221500
0.221188
0.221125
0.221062
0.221000
0.220875
0.220688
0.220313
0.220062
0.219750
0.219438
0.218875
0.218563
0.218250
0.217688
0.217375
0.217000
0.216500
0.216125
0.215750
0.215438
0.214688
0.214438
0.214188
0.213687
0.213500
0.213188
0.213000
0.212438
0.212188
0.211812
0.211437
0.211188
0.210875
0.210313
0.210000
0.209750
0.209438
0.208875
0.208625
0.208313
0.207687
0.207375
0.207000
0.206438
0.206063
0.205813
0.205563
0.205000
0.204625
0.204250
0.203688
0.203375
0.203000
0.202375
0.202125
0.201813
0.201500
0.200875
0.200625
0.200437
0.200125
0.200063
0.199938
0.199750
0.199563
0.199437
0.199250
0.198938
0.198750
0.198500
0.198000
0.197688
0.197438
0.196875
0.196563
0.196375
0.196063
0.195563
0.195312
0.194938
0.194250
0.193875
0.193562
0.192875
0.192625
0.192438
0.192188
0.191688
0.191438
0.191250
0.190750
0.190563
0.190313
0.190000
0.189375
0.189125
0.188750
0.188313
0.188063
0.187750
0.187250
0.187000
0.186813
0.186500
0.186000
0.185750
0.185500
0.185000
0.184687
0.184437
0.183875
0.183563
0.183250
0.182938
0.182375
0.182063
0.181750
0.181188
0.180938
0.180625
0.180125
0.179875
0.179625
0.179375
0.179063
0.178938
0.178813
0.178688
0.178563
0.178375
0.177937
0.177750
0.177438
0.177125
0.176500
0.176188
0.175938
0.175375
0.175063
0.174813
0.174250
0.174000
0.173688
0.173438
0.172750
0.172312
0.172000
0.171438
0.171188
0.170875
0.170688
0.170125
0.169875
0.169625
0.169125
0.168812
0.168500
0.168000
0.167688
0.167500
0.167188
0.166625
0.166375
0.166063
0.165375
0.165000
0.164625
0.163875
0.163563
0.163250
0.162875
0.162312
0.161938
0.161625
0.161000
0.160625
0.160250
0.159750
0.159438
0.159188
0.158875
0.158250
0.157875
0.157625
0.157063
0.156875
0.156625
0.156375
0.156188
0.156000
0.155813
0.155375
0.155125
0.155000
0.154625
0.154438
0.154188
0.153625
0.153375
0.153125
0.152875
0.152313
0.152063
0.151813
0.151250
0.151000
0.150750
0.150500
0.149875
0.149563
0.149188
0.148625
0.148375
0.148188
0.147750
0.147438
0.147188
0.147000
0.146500
0.146188
0.146000
0.145438
0.145187
0.145000
0.144438
0.144187
0.143875
0.143625
0.143063
0.142813
0.142562
0.142000
0.141750
0.141438
0.140938
0.140625
0.140375
0.140062
0.139438
0.139188
0.138875
0.138437
0.138188
0.137938
0.137375
0.137188
0.136812
0.136625
0.136125
0.135813
0.135688
0.135313
0.135125
0.135000
0.134875
0.134813
0.134625
0.134438
0.133938
0.133687
0.133438
0.132938
0.132750
0.132500
0.132313
0.131813
0.131625
0.131375
0.130938
0.130688
0.130500
0.129938
0.129625
0.129375
0.129125
0.128625
0.128438
0.128188
0.127813
0.127688
0.127500
0.127000
0.126750
0.126500
0.126188
0.125750
0.125563
0.125375
0.124937
0.124688
0.124437
0.123938
0.123687
0.123438
0.123250
0.122750
0.122500
0.122312
0.121750
0.121438
0.121250
0.120875
0.120687
0.120438
0.120187
0.119750
0.119438
0.119250
0.118687
0.118500
0.118250
0.117750
0.117562
0.117375
0.117125
0.116688
0.116500
0.116312
0.116125
0.116062
0.115937
0.115750
0.115375
0.115188
0.115000
0.114563
0.114375
0.114063
0.113625
0.113437
0.113125
0.112937
0.112563
0.112375
0.112125
0.111750
0.111500
0.111188
0.110687
0.110438
0.110250
0.110000
0.109625
0.109438
0.109250
0.108812
0.108500
0.108312
0.107938
0.107687
0.107562
0.107313
0.106875
0.106687
0.106375
0.106000
0.105750
0.105562
0.105125
0.104938
0.104688
0.104500
0.104125
0.103875
0.103688
0.103250
0.103000
0.102688
0.102375
0.102250
0.102063
0.101875
0.101500
0.101313
0.101125
0.100750
0.100500
0.100312
0.100188
0.099750
0.099563
0.099437
0.099063
0.098937
0.098812
0.098500
0.098437
0.098312
0.098250
0.098125
0.097875
0.097687
0.097313
0.097125
0.096937
0.096625
0.096500
0.096312
0.096125
0.095750
0.095500
0.095375
0.094938
0.094812
0.094625
0.094188
0.093937
0.093750
0.093625
0.093250
0.093062
0.092875
0.092562
0.092375
0.092250
0.091875
0.091750
0.091562
0.091437
0.091063
0.090812
0.090687
0.090375
0.090187
0.090062
0.089625
0.089437
0.089313
0.089062
0.088688
0.088500
0.088312
0.088000
0.087812
0.087625
0.087500
0.087125
0.086875
0.086687
0.086375
0.086187
0.086000
0.085687
0.085563
0.085375
0.085250
0.084937
0.084813
0.084625
0.084313
0.084250
0.084000
0.083625
0.083500
0.083375
0.083312
0.083125
0.083000
0.082875
0.082562
0.082500
0.082313
0.082000
0.081813
0.081688
0.081562
0.081375
0.081125
0.081000
0.080687
0.080500
0.080375
0.080062
0.079812
0.079688
0.079437
0.079250
0.079125
0.079062
0.078750
0.078625
0.078500
0.078187
0.078000
0.077813
0.077750
0.077437
0.077312
0.077188
0.076875
0.076750
0.076625
0.076500
0.076187
0.076000
0.075813
0.075500
0.075313
0.075250
0.075000
0.074813
0.074688
0.074562
0.074312
0.074125
0.073937
0.073688
0.073563
0.073437
0.073187
0.073000
0.072938
0.072750
0.072500
0.072375
0.072187
0.072000
0.071875
0.071875
0.071625
0.071563
0.071375
0.071312
0.071062
0.070875
0.070812
0.070688
0.070500
0.070375
0.070125
0.069937
0.069813
0.069687
0.069437
0.069375
0.069250
0.068938
0.068750
0.068625
0.068438
0.068313
0.068187
0.068125
0.067937
0.067813
0.067625
0.067438
0.067375
0.067250
0.067062
0.066812
0.066688
0.066500
0.066250
0.066125
0.066000
0.065812
0.065687
0.065563
0.065438
0.065187
0.065062
0.064938
0.064687
0.064562
0.064500
0.064313
0.064250
0.064063
0.064000
0.063750
0.063562
0.063500
0.063250
0.063188
0.063062
0.062812
0.062687
0.062562
0.062500
0.062312
0.062250
0.062125
0.061937
0.061875
0.061750
0.061625
0.061437
0.061375
0.061312
0.061062
0.060875
0.060750
0.060500
0.060438
0.060250
0.060125
0.060062
0.059875
0.059750
0.059437
0.059375
0.059188
0.059000
0.058938
0.058875
0.058750
0.058562
0.058437
0.058312
0.058125
0.058000
0.057937
0.057687
0.057625
0.057500
0.057438
0.057187
0.057062
0.057000
0.056750
0.056687
0.056562
0.056437
0.056312
0.056188
0.056125
0.055938
0.055875
0.055750
0.055625
0.055500
0.055437
0.055250
0.055250
0.055125
0.055000
0.054875
0.054750
0.054688
0.054500
0.054375
0.054312
0.054125
0.054062
0.053937
0.053875
0.053688
0.053625
0.053562
0.053438
0.053375
0.053312
0.053125
0.053063
0.053063
0.052937
0.052687
0.052625
0.052500
0.052250
0.052125
0.052062
0.052062
0.051875
0.051750
0.051688
0.051437
0.051312
0.051187
0.051000
0.050937
0.050937
0.050813
0.050625
0.050500
0.050500
0.050313
0.050250
0.050125
0.050000
0.049812
0.049750
0.049625
0.049437
0.049437
0.049312
0.049063
0.049063
0.048937
0.048687
0.048625
0.048500
0.048437
0.048250
0.048125
0.048062
0.047938
0.047812
0.047750
0.047625
0.047500
0.047437
0.047313
0.047125
0.047062
0.047000
0.046813
0.046750
0.046625
0.046437
0.046437
0.046312
0.046312
0.046125
0.046062
0.046000
0.045875
0.045750
0.045687
0.045625
0.045437
0.045375
0.045313
0.045187
0.045062
0.045000
0.044875
0.044813
0.044687
0.044562
0.044437
0.044250
0.044187
0.044063
0.044000
0.043875
0.043688
0.043625
0.043500
0.043438
0.043250
0.043125
0.043063
0.042875
0.042750
0.042750
0.042562
0.042500
0.042375
0.042250
0.042000
0.041875
0.041813
0.041625
0.041563
0.041437
0.041250
0.041125
0.041000
0.040937
0.040750
0.040687
0.040563
0.040437
0.040313
0.040250
0.040000
0.039937
0.039812
0.039687
0.039562
0.039500
0.039375
0.039250
0.039125
0.039000
0.038937
0.038750
0.038688
0.038625
0.038437
0.038312
0.038312
0.038125
0.038063
0.038063
0.037937
0.037875
0.037687
0.037625
0.037500
0.037375
0.037312
0.037125
0.037063
0.037000
0.036937
0.036750
0.036687
0.036562
0.036500
0.036375
0.036312
0.036188
0.036063
0.036000
0.035937
0.035813
0.035750
0.035687
0.035562
0.035500
0.035375
0.035250
0.035188
0.035062
0.035062
0.035000
0.034875
0.034812
0.034687
0.034625
0.034562
0.034437
0.034312
0.034312
0.034250
0.034125
0.034000
0.033937
0.033812
0.033687
0.033687
0.033625
0.033562
0.033438
0.033375
0.033250
0.033250
0.033062
0.032938
0.032875
0.032812
0.032812
0.032687
0.032562
0.032562
0.032437
0.032437
0.032375
0.032250
0.032125
0.032187
0.032063
0.031937
0.031875
0.031812
0.031688
0.031625
0.031562
0.031437
0.031375
0.031250
0.031187
0.031062
0.031062
0.031000
0.030813
0.030813
0.030750
0.030625
0.030562
0.030500
0.030437
0.030375
0.030188
0.030188
0.030062
0.030062
0.030000
0.029875
0.029812
0.029750
0.029687
0.029562
0.029500
0.029437
0.029313
0.029250
0.029188
0.029125
0.029062
0.028937
0.028875
0.028812
0.028687
0.028625
0.028437
0.028437
0.028375
0.028312
0.028250
0.028187
0.028125
0.028000
0.027937
0.027875
0.027750
0.027688
0.027625
0.027625
0.027562
0.027437
0.027437
0.027312
0.027250
0.027188
0.027188
0.027125
0.027063
0.027000
0.026937
0.026875
0.026750
0.026625
0.026625
0.026563
0.026438
0.026250
0.026250
0.026250
0.026125
0.026062
0.026000
0.025875
0.025812
0.025750
0.025625
0.025562
0.025562
0.025500
0.025375
0.025250
0.025187
0.025125
0.025062
0.025000
0.024875
0.024875
0.024750
0.024688
0.024563
0.024563
0.024500
0.024375
0.024312
0.024250
0.024250
0.024125
0.024062
0.024000
0.023937
0.023875
0.023812
0.023688
0.023688
0.023625
0.023562
0.023437
0.023437
0.023375
0.023375
0.023313
0.023187
0.023125
0.023062
0.023062
0.023000
0.022875
0.022875
0.022875
0.022750
0.022688
0.022688
0.022562
0.022500
0.022500
0.022437
0.022437
0.022312
0.022250
0.022187
0.022125
0.022062
0.022000
0.021937
0.021937
0.021937
0.021812
0.021750
0.021687
0.021687
0.021625
0.021563
0.021500
0.021500
0.021375
0.021375
0.021312
0.021312
0.021250
0.021187
0.021187
0.021062
0.021125
0.020875
0.020875
0.020875
0.020875
0.020813
0.020750
0.020687
0.020687
0.020625
0.020625
0.020562
0.020500
0.020437
0.020437
0.020437
0.020375
0.020250
0.020250
0.020188
0.020188
0.020125
0.020062
0.020062
0.020000
0.019937
0.019937
0.019937
0.019875
0.019812
0.019812
0.019750
0.019750
0.019750
0.019687
0.019625
0.019687
0.019625
0.019562
0.019500
0.019500
0.019375
0.019437
0.019375
0.019312
0.019312
0.019250
0.019250
0.019187
0.019187
0.019125
0.019125
0.019000
0.019000
0.018937
0.018875
0.018875
0.018812
0.018875
0.018812
0.018812
0.018750
0.018687
0.018625
0.018625
0.018625
0.018562
0.018562
0.018500
0.018500
0.018437
0.018375
0.018437
0.018375
0.018312
0.018312
0.018312
0.018250
0.018250
0.018187
0.018187
0.018125
0.018062
0.018062
0.018062
0.018000
0.018000
0.018000
0.017937
0.017937
0.017937
0.017812
0.017875
0.017875
0.017812
0.017750
0.017750
0.017750
0.017750
0.017750
0.017750
0.017687
0.017625
0.017625
0.017562
0.017562
0.017625
0.017562
0.017562
0.017500
0.017500
0.017500
0.017438
0.017438
0.017438
0.017438
0.017375
0.017438
0.017500
0.017500
0.017500
0.017500
0.017562
0.017562
0.017562
0.017625
0.017625
0.017750
0.017937
0.018000
0.018125
0.018125
0.018125
0.018062
0.018000
0.017937
0.017937
0.017875
0.017812
0.017812
0.017812
0.017750
0.017750
0.017750
0.017687
0.017625
0.017625
0.017625
0.017625
0.017625
0.017562
0.017562
0.017562
0.017500
0.017500
0.017438
0.017375
0.017375
0.017313
0.017313
0.017313
0.017250
0.017250
0.017187
0.017250
0.017187
0.017125
0.017125
0.017125
0.017062
0.017125
0.017125
0.017000
0.017000
0.017000
0.016937
0.016875
0.016937
0.016875
0.016812
0.016812
0.016812
0.016812
0.016750
0.016750
0.016750
0.016687
0.016687
0.016687
0.016687
0.016625
0.016625
0.016625
0.016562
0.016625
0.016562
0.016562
0.016562
0.016500
0.016500
0.016562
0.016562
0.016500
0.016500
0.016438
0.016438
0.016375
0.016375
0.016375
0.016375
0.016375
0.016250
0.016312
0.016312
0.016312
0.016250
0.016250
0.016187
0.016125
0.016187
0.016125
0.016125
0.016187
0.016125
0.016125
0.016062
0.016000
0.016000
0.016062
0.016062
0.016062
0.016000
0.016000
0.016000
0.015937
0.015937
0.015937
0.015937
0.015937
0.015875
0.015812
0.015812
0.015937
0.015812
0.015812
0.015750
0.015875
0.015750
0.015812
0.015687
0.015687
0.015687
0.015750
0.015750
0.015687
0.015687
0.015625
0.015687
0.015687
0.015625
0.015625
0.015687
0.015625
0.015625
0.015625
0.015562
0.015562
0.015562
0.015562
0.015562
0.015562
0.015562
0.015500
0.015562
0.015500
0.015437
0.015437
0.015500
0.015437
0.015437
0.015437
0.015437
0.015437
0.015437
0.015375
0.015375
0.015375
0.015375
0.015375
0.015375
0.015375
0.015313
0.015313
0.015250
0.015250
0.015250
0.015250
0.015250
0.015250
0.015188
0.015250
0.015188
0.015188
0.015188
0.015188
0.015188
0.015188
0.015125
0.015188
0.015188
0.015062
0.015125
0.015125
0.015062
0.015125
0.015062
0.015062
0.015062
0.015062
0.015000
0.015000
0.015000
0.015062
0.015000
0.015000
0.015000
0.015000
0.014937
0.015000
0.014937
0.015000
0.014937
0.014937
0.014937
0.014937
0.014937
0.014937
0.014875
0.014937
0.014875
0.014875
0.014875
0.014875
0.014875
0.014875
0.014812
0.014875
0.014875
0.014875
0.014812
0.014812
0.014812
0.014812
0.014875
0.014812
0.014812
0.014812
0.014812
0.014750
0.014750
0.014812
0.014812
0.014812
0.014750
0.014688
0.014750
0.014688
0.014688
0.014688
0.014750
0.014750
0.014625
0.014625
0.014688
0.014688
0.014625
0.014688
0.014563
0.014563
0.014750
0.014688
0.014625
0.014625
0.014625
0.014625
0.014688
0.014625
0.014625
0.014563
0.014563
0.014563
0.014563
0.014563
0.014563
0.014563
0.014563
0.014563
0.014500
0.014563
0.014563
0.014563
0.014563
0.014500
0.014563
0.014563
0.014500
0.014500
0.014500
0.014563
0.014563
0.014500
0.014500
0.014563
0.014563
0.014500
0.014500
0.014500
0.014437
0.014500
0.014500
0.014437
0.014437
0.014437
0.014437
0.014437
0.014437
0.014500
0.014500
0.014500
0.014500
0.014437
0.014437
0.014437
0.014437
0.014437
0.014437
0.014437
0.014437
0.014437
0.014375
0.014375
0.014375
0.014437
0.014375
0.014375
0.014375
0.014375
0.014313
0.014375
0.014375
0.014375
0.014375
0.014313
0.014375
0.014375
0.014313
0.014313
0.014313
0.014313
0.014313
0.014313
0.014313
0.014250
0.014250
0.014250
0.014250
0.014250
0.014250
0.014250
0.014250
0.014250
0.014250
0.014250
0.014250
0.014250
0.014250
0.014250
0.014250
0.014250
0.014188
0.014188
0.014188
0.014188
0.014188
0.014188
0.014188
0.014188
0.014188
0.014188
0.014125
