0.031000
0.031000
0.031000
0.030938
0.030938
0.030938
0.030875
0.030938
0.030938
0.030875
0.030875
0.030875
0.030875
0.030875
0.030875
0.030875
0.030875
0.030875
0.030875
0.030813
0.030813
0.030813
0.030813
0.030875
0.030813
0.030813
0.030813
0.030813
0.030813
0.030750
0.030750
0.030750
0.030750
0.030750
0.030750
0.030750
0.030813
0.030875
0.030875
0.030875
0.030875
0.030938
0.030938
0.031000
0.031062
0.031062
0.031062
0.031125
0.031125
0.031125
0.031125
0.031125
0.031187
0.031187
0.031187
0.031187
0.031187
0.031187
0.031187
0.031187
0.031187
0.031062
0.031062
0.031062
0.031125
0.031187
0.031187
0.031187
0.031250
0.031250
0.031312
0.031312
0.031375
0.031375
0.031437
0.031437
0.031500
0.031562
0.031562
0.031562
0.031688
0.031688
0.031750
0.031812
0.031875
0.031812
0.031875
0.031937
0.031937
0.031937
0.031937
0.031937
0.032000
0.032000
0.032063
0.032063
0.032063
0.032125
0.032063
0.032063
0.032000
0.031937
0.031937
0.031937
0.031875
0.031812
0.031812
0.031750
0.031750
0.031750
0.031750
0.031812
0.031812
0.031812
0.031875
0.031812
0.031875
0.031875
0.031937
0.031937
0.032000
0.032000
0.032063
0.032063
0.032063
0.032063
0.032063
0.032125
0.032063
0.032063
0.032125
0.032063
0.032125
0.032125
0.032063
0.032063
0.032063
0.032063
0.032063
0.032000
0.032000
0.032000
0.032000
0.032063
0.032000
0.032000
0.032063
0.032000
0.032000
0.032000
0.032000
0.032000
0.032000
0.031937
0.031937
0.031937
0.031937
0.031937
0.031875
0.031937
0.031937
0.031937
0.031937
0.031937
0.031937
0.031937
0.032000
0.032000
0.032000
0.032000
0.032000
0.031937
0.031875
0.031937
0.031875
0.031875
0.031875
0.031750
0.031812
0.031750
0.031812
0.031750
0.031750
0.031750
0.031750
0.031688
0.031688
0.031688
0.031688
0.031688
0.031688
0.031688
0.031688
0.031688
0.031688
0.031688
0.031688
0.031688
0.031688
0.031750
0.031750
0.031812
0.031812
0.031875
0.031875
0.031937
0.031937
0.031937
0.032000
0.031937
0.031937
0.031937
0.031937
0.031937
0.031937
0.031937
0.031875
0.031937
0.031937
0.031937
0.031937
0.031875
0.031875
0.031875
0.031875
0.031875
0.031875
0.031812
0.031875
0.031875
0.031875
0.031937
0.031937
0.031812
0.031875
0.031875
0.031875
0.031875
0.031875
0.031875
0.031937
0.031875
0.031875
0.031875
0.031812
0.031812
0.031812
0.031812
0.031812
0.031812
0.031812
0.031812
0.031750
0.031812
0.031750
0.031750
0.031750
0.031750
0.031688
0.031750
0.031750
0.031688
0.031750
0.031750
0.031750
0.031688
0.031688
0.031688
0.031625
0.031688
0.031625
0.031625
0.031625
0.031625
0.031625
0.031688
0.031688
0.031688
0.031688
0.031688
0.031750
0.031812
0.031812
0.031812
0.031812
0.031937
0.031875
0.031875
0.031937
0.031875
0.031875
0.031875
0.031875
0.031875
0.031875
0.031875
0.031875
0.031875
0.031812
0.031875
0.031875
0.031812
0.031812
0.031812
0.031812
0.031875
0.031937
0.032000
0.032187
0.032313
0.032437
0.032687
0.032875
0.033000
0.033125
0.033438
0.033500
0.033562
0.033812
0.033937
0.034000
0.033937
0.033875
0.033812
0.033625
0.033438
0.033375
0.033313
0.033250
0.033250
0.033187
0.033187
0.033062
0.032875
0.032750
0.032625
0.032562
0.032500
0.032375
0.032375
0.032313
0.032313
0.032187
0.032187
0.032125
0.032063
0.032000
0.031937
0.031937
0.031937
0.031875
0.031875
0.031812
0.031875
0.031875
0.031875
0.031937
0.031937
0.032000
0.032063
0.032063
0.032063
0.032125
0.032125
0.032125
0.032063
0.032063
0.032125
0.032125
0.032125
0.032125
0.032125
0.032063
0.032125
0.032063
0.032063
0.032000
0.032000
0.032000
0.032000
0.032000
0.032000
0.032000
0.032000
0.032000
0.032000
0.031937
0.031937
0.031937
0.031937
0.031937
0.031937
0.031875
0.031875
0.031937
0.031875
0.031937
0.031875
0.031937
0.031875
0.031875
0.031875
0.031875
0.031875
0.031875
0.031875
0.031875
0.031875
0.031937
0.031875
0.031875
0.031937
0.031875
0.031875
0.031812
0.031875
0.031875
0.031812
0.031750
0.031875
0.031812
0.031812
0.031875
0.031875
0.031875
0.031812
0.031812
0.031875
0.031875
0.031812
0.031875
0.031875
0.031937
0.032000
0.032000
0.032063
0.032125
0.032063
0.032063
0.032125
0.032125
0.032125
0.032125
0.032125
0.032063
0.032063
0.032125
0.032187
0.032187
0.032187
0.032187
0.032125
0.032125
0.032125
0.032125
0.032063
0.032125
0.032063
0.032063
0.032063
0.032063
0.032063
0.032000
0.032000
0.032063
0.032063
0.032000
0.032000
0.032000
0.032000
0.032063
0.032063
0.032063
0.032063
0.032063
0.032063
0.032125
0.032063
0.032063
0.032063
0.032063
0.032063
0.032000
0.032000
0.032000
0.032000
0.032000
0.032000
0.032000
0.032063
0.032063
0.032063
0.032063
0.032063
0.032063
0.032125
0.032000
0.032000
0.032000
0.032000
0.032000
0.031937
0.032000
0.032000
0.032000
0.032000
0.031937
0.031937
0.032000
0.032063
0.032063
0.032063
0.032125
0.032187
0.032250
0.032187
0.032250
0.032250
0.032250
0.032250
0.032250
0.032250
0.032250
0.032250
0.032187
0.032250
0.032250
0.032250
0.032250
0.032250
0.032250
0.032250
0.032187
0.032187
0.032187
0.032187
0.032187
0.032187
0.032250
0.032187
0.032187
0.032250
0.032250
0.032250
0.032250
0.032250
0.032250
0.032187
0.032187
0.032187
0.032125
0.032125
0.032125
0.032125
0.032187
0.032187
0.032187
0.032187
0.032187
0.032125
0.032125
0.032125
0.032187
0.032125
0.032187
0.032187
0.032250
0.032250
0.032250
0.032250
0.032187
0.032250
0.032250
0.032187
0.032250
0.032250
0.032250
0.032313
0.032187
0.032250
0.032187
0.032187
0.032187
0.032125
0.032125
0.032125
0.032125
0.032125
0.032125
0.032125
0.032187
0.032187
0.032250
0.032313
0.032375
0.032375
0.032437
0.032437
0.032437
0.032437
0.032437
0.032437
0.032437
0.032437
0.032500
0.032500
0.032500
0.032562
0.032500
0.032500
0.032562
0.032500
0.032437
0.032500
0.032437
0.032437
0.032500
0.032437
0.032437
0.032437
0.032500
0.032437
0.032500
0.032437
0.032437
0.032500
0.032437
0.032500
0.032437
0.032500
0.032437
0.032500
0.032437
0.032375
0.032375
0.032437
0.032375
0.032437
0.032437
0.032375
0.032375
0.032313
0.032375
0.032250
0.032250
0.032250
0.032250
0.032313
0.032313
0.032313
0.032313
0.032313
0.032313
0.032375
0.032375
0.032375
0.032375
0.032313
0.032313
0.032375
0.032375
0.032375
0.032313
0.032375
0.032313
0.032313
0.032375
0.032375
0.032313
0.032313
0.032313
0.032375
0.032375
0.032437
0.032500
0.032500
0.032562
0.032562
0.032562
0.032625
0.032625
0.032625
0.032625
0.032687
0.032687
0.032687
0.032687
0.032687
0.032687
0.032687
0.032750
0.032750
0.032750
0.032750
0.032750
0.032750
0.032812
0.032875
0.033250
0.033562
0.034875
0.035875
0.037250
0.038812
0.042500
0.044625
0.046875
0.051688
0.054375
0.057062
0.062562
0.065187
0.067687
0.070375
0.074938
0.076750
0.078375
0.080250
0.080875
0.081250
0.081375
0.081125
0.080687
0.080062
0.078875
0.078375
0.078000
0.077312
0.077062
0.076750
0.076250
0.076000
0.075750
0.075563
0.075187
0.075000
0.074813
0.074437
0.074250
0.074062
0.073937
0.073500
0.073375
0.073187
0.072938
0.072812
0.072625
0.072375
0.072250
0.072187
0.072125
0.071875
0.071937
0.072250
0.074250
0.076063
0.078437
0.084375
0.087750
0.091375
0.095312
0.103437
0.107687
0.112250
0.121750
0.126500
0.130625
0.137063
0.139438
0.141375
0.142625
0.143187
0.142938
0.142250
0.140563
0.139313
0.138000
0.135813
0.134938
0.134188
0.133563
0.132438
0.131875
0.131375
0.130500
0.130125
0.129688
0.128813
0.128438
0.128125
0.127688
0.126937
0.126563
0.126250
0.125563
0.125250
0.125000
0.124688
0.124187
0.123938
0.123687
0.123125
0.122938
0.122750
0.122312
0.122438
0.123000
0.124312
0.130625
0.135813
0.141688
0.154938
0.161938
0.169250
0.183563
0.190875
0.198563
0.205813
0.216375
0.220563
0.223813
0.226875
0.227500
0.226688
0.224500
0.223000
0.221438
0.219563
0.215500
0.213938
0.212625
0.210625
0.209938
0.209250
0.208250
0.207813
0.207313
0.206875
0.205938
0.205500
0.205063
0.204125
0.203688
0.203187
0.202187
0.201813
0.201437
0.201000
0.200312
0.199875
0.199500
0.198750
0.198437
0.198063
0.197750
0.196875
0.196500
0.196125
0.195500
0.195438
0.196063
0.201750
0.207563
0.215438
0.225250
0.247438
0.257688
0.267812
0.288687
0.299375
0.308688
0.323125
0.328063
0.331750
0.334188
0.335312
0.334437
0.332938
0.328688
0.326313
0.323750
0.318625
0.316688
0.315000
0.313625
0.311188
0.310125
0.309125
0.307312
0.306437
0.305687
0.304312
0.303688
0.303063
0.302438
0.301313
0.300750
0.300125
0.299062
0.298563
0.298000
0.297062
0.296625
0.296125
0.295750
0.295000
0.294563
0.294188
0.293375
0.292937
0.292563
0.292375
0.295438
0.300125
0.307500
0.328562
0.341438
0.355125
0.380938
0.393625
0.405625
0.416938
0.436937
0.444313
0.450375
0.457500
0.459875
0.460938
0.460812
0.459437
0.457625
0.455563
0.449938
0.447187
0.444937
0.441312
0.439750
0.438250
0.435750
0.434687
0.433625
0.432625
0.431062
0.430313
0.429688
0.428437
0.427813
0.427188
0.426063
0.425438
0.424812
0.424250
0.423062
0.422625
0.422062
0.421062
0.420500
0.420063
0.418938
0.418500
0.417937
0.417437
0.416562
0.416875
0.419688
0.436500
0.449500
0.464688
0.480625
0.510312
0.524437
0.538250
0.560125
0.568438
0.574812
0.585062
0.588812
0.591187
0.592562
0.591687
0.590062
0.587750
0.581312
0.578187
0.575813
0.572062
0.570625
0.569125
0.568000
0.565687
0.564562
0.563500
0.561500
0.560562
0.559812
0.558500
0.558125
0.558062
0.558125
0.558875
0.559437
0.560000
0.561000
0.561187
0.561187
0.560812
0.560625
0.560437
0.560250
0.559812
0.559500
0.559125
0.558375
0.557938
0.557437
0.559562
0.564562
0.572500
0.582937
0.608812
0.623437
0.638250
0.665625
0.678875
0.691312
0.701875
0.718187
0.724437
0.729437
0.736875
0.739187
0.740500
0.740500
0.739125
0.737062
0.734187
0.728063
0.725875
0.723875
0.720250
0.718562
0.717125
0.714500
0.713313
0.712188
0.711062
0.708938
0.707937
0.707062
0.705250
0.704312
0.703500
0.701812
0.701062
0.700375
0.699687
0.698312
0.697750
0.697187
0.696062
0.695500
0.694937
0.693812
0.693187
0.692625
0.692062
0.691062
0.690625
0.690250
0.693500
0.699750
0.709063
0.735062
0.750562
0.766375
0.782312
0.812875
0.827313
0.839500
0.859438
0.867750
0.874625
0.880250
0.887375
0.889000
0.889625
0.888125
0.885875
0.882687
0.877187
0.875250
0.873187
0.871437
0.868000
0.866375
0.864625
0.861500
0.860062
0.858625
0.856062
0.854937
0.853938
0.853000
0.851250
0.850312
0.849500
0.847812
0.847000
0.846000
0.844250
0.843437
0.842875
0.842125
0.841062
0.840312
0.839813
0.838687
0.838187
0.837625
0.838063
0.842250
0.850187
0.861188
0.889375
0.904687
0.919750
0.948062
0.961687
0.974812
0.995750
1.005125
1.012625
1.019312
1.028250
1.030812
1.032063
1.031125
1.028937
1.025563
1.022125
1.017063
1.015000
1.013125
1.009750
1.008188
1.006750
1.004000
1.002812
1.001562
1.000375
0.998125
0.997062
0.996125
0.994250
0.993312
0.992500
0.990812
0.990062
0.989250
0.988500
0.987000
0.986250
0.985500
0.984062
0.983437
0.982750
0.981312
0.980750
0.980187
0.979625
0.978625
0.978125
0.977687
0.977000
0.977188
0.980500
0.998563
1.012063
1.026875
1.042750
1.074187
1.088750
1.103688
1.131500
1.144125
1.154875
1.173187
1.180250
1.185750
1.189500
1.192438
1.191750
1.189937
1.182812
1.179500
1.176813
1.174312
1.170000
1.168062
1.166250
1.163000
1.161562
1.160187
1.157437
1.156250
1.154937
1.153813
1.151625
1.150500
1.149500
1.147437
1.146500
1.145563
1.143813
1.142938
1.142063
1.141188
1.139562
1.138813
1.138125
1.136750
1.136000
1.135313
1.134000
1.133437
1.132875
1.132313
1.131125
1.130625
1.131375
1.142688
1.152625
1.164562
1.191187
1.205125
1.219125
1.233125
1.260750
1.273937
1.285687
1.305063
1.313500
1.321250
1.333437
1.338063
1.341625
1.344313
1.346688
1.346562
1.345375
1.340125
1.336812
1.334062
1.331562
1.327500
1.325625
1.323875
1.320625
1.319187
1.317687
1.314937
1.313750
1.312500
1.311250
1.309000
1.308000
1.306937
1.305000
1.304062
1.303313
1.301813
1.301000
1.300250
1.299437
1.297812
1.296937
1.296125
1.294500
1.293750
1.293062
1.291687
1.290938
1.290375
1.289750
1.288563
1.287938
1.287438
1.286250
1.285687
1.285125
1.284000
1.283375
1.282875
1.282250
1.281188
1.280625
1.280125
1.279187
1.278750
1.278250
1.277312
1.276937
1.276437
1.275938
1.275000
1.274625
1.274125
1.273250
1.272812
1.272437
1.272063
1.271188
1.270687
1.270313
1.269438
1.269062
1.268687
1.267938
1.267625
1.267250
1.266812
1.266062
1.265687
1.265375
1.264625
1.264250
1.263937
1.263250
1.262938
1.262625
1.262250
1.261438
1.261062
1.260812
1.260250
1.259938
1.259688
1.259063
1.258750
1.258375
1.258125
1.257562
1.257250
1.256937
1.256312
1.256062
1.255750
1.255312
1.255000
1.254750
1.254562
1.254000
1.253687
1.253437
1.252875
1.252625
1.252375
1.251812
1.251438
1.251187
1.250937
1.250500
1.250125
1.249875
1.249375
1.249125
1.248875
1.248687
1.248438
1.248312
1.248250
1.248000
1.247812
1.247625
1.247125
1.246812
1.246562
1.246312
1.245750
1.245500
1.245187
1.244750
1.244562
1.244250
1.243937
1.243687
1.243562
1.243312
1.242937
1.242750
1.242437
1.241750
1.241500
1.241187
1.240750
1.240563
1.240375
1.240125
1.239750
1.239562
1.239375
1.238937
1.238687
1.238438
1.238000
1.237750
1.237437
1.237250
1.236750
1.236500
1.236312
1.235937
1.235750
1.235562
1.235062
1.234938
1.234625
1.234437
1.234000
1.233750
1.233500
1.233062
1.232813
1.232625
1.232437
1.231875
1.231688
1.231500
1.231063
1.230875
1.230687
1.230188
1.230062
1.229750
1.229500
1.229125
1.228937
1.228688
1.228312
1.228125
1.227875
1.227437
1.227187
1.227062
1.226812
1.226500
1.226250
1.226000
1.225562
1.225375
1.225250
1.224875
1.224625
1.224437
1.224250
1.223812
1.223500
1.223312
1.223000
1.222875
1.222687
1.222563
1.222500
1.222375
1.222125
1.221750
1.221437
1.221063
1.220500
1.220188
1.219875
1.219375
1.219125
1.218937
1.218750
1.218375
1.218187
1.218062
1.217625
1.217375
1.217125
1.216875
1.216375
1.216063
1.215687
1.215000
1.214687
1.214313
1.213750
1.213500
1.213312
1.213063
1.212375
1.212062
1.211750
1.211000
1.210562
1.210062
1.209187
1.208750
1.208375
1.208063
1.207562
1.207375
1.207000
1.206375
1.206000
1.205687
1.205125
1.204875
1.204500
1.204187
1.203625
1.203500
1.203250
1.203000
1.202750
1.202562
1.201938
1.201563
1.201250
1.201000
1.200312
1.200062
1.199750
1.199125
1.198875
1.198625
1.198063
1.197750
1.197375
1.197125
1.196500
1.196125
1.195875
1.195312
1.195062
1.194813
1.194500
1.194062
1.193875
1.193562
1.193000
1.192750
1.192438
1.191750
1.191500
1.191250
1.191187
1.191000
1.190875
1.190750
1.190312
1.190125
1.189813
1.189188
1.188812
1.188437
1.188000
1.187188
1.186812
1.186375
1.185812
1.185562
1.185250
1.184750
1.184562
1.184312
1.184000
1.183375
1.183063
1.182687
1.181875
1.181500
1.181125
1.180562
1.180187
1.179937
1.179687
1.179125
1.178875
1.178687
1.178000
1.177688
1.177375
1.176687
1.176437
1.176062
1.175812
1.175125
1.174813
1.174500
1.173812
1.173437
1.173125
1.172875
1.172250
1.171875
1.171563
1.170875
1.170500
1.170250
1.169625
1.169312
1.168875
1.168563
1.167937
1.167625
1.167312
1.166625
1.166188
1.165875
1.165187
1.164875
1.164438
1.164125
1.163375
1.163062
1.162625
1.162063
1.161625
1.161312
1.160625
1.160125
1.159750
1.159438
1.158625
1.158250
1.157875
1.157063
1.156813
1.156312
1.155562
1.155125
1.154812
1.154438
1.153750
1.153437
1.153062
1.152437
1.152187
1.151937
1.151687
1.151437
1.151250
1.150938
1.150125
1.149750
1.149375
1.148563
1.148125
1.147688
1.147312
1.146562
1.146188
1.145812
1.145062
1.144750
1.144312
1.143687
1.143312
1.142938
1.142500
1.141625
1.141062
1.140625
1.139688
1.139375
1.138937
1.138125
1.137750
1.137375
1.136937
1.136125
1.135750
1.135313
1.134437
1.134063
1.133625
1.132750
1.132375
1.131937
1.131500
1.130563
1.130125
1.129688
1.128937
1.128562
1.128188
1.127437
1.127063
1.126625
1.126250
1.125563
1.125250
1.124938
1.124187
1.123750
1.123438
1.122750
1.122375
1.122062
1.121750
1.121187
1.120937
1.120625
1.120125
1.119875
1.119562
1.119313
1.118625
1.118375
1.118062
1.117563
1.117187
1.116937
1.116312
1.116062
1.115750
1.115500
1.114938
1.114625
1.114313
1.113750
1.113562
1.113250
1.112812
1.112437
1.112125
1.111875
1.111438
1.111187
1.111063
1.110750
1.110625
1.110562
1.110312
1.110000
1.109875
1.109562
1.109125
1.108687
1.108438
1.107687
1.107437
1.107125
1.106562
1.106250
1.106063
1.105750
1.105250
1.105000
1.104812
1.104250
1.104000
1.103750
1.103125
1.102813
1.102500
1.102250
1.101812
1.101562
1.101437
1.101000
1.100750
1.100625
1.100250
1.099875
1.099625
1.099375
1.098937
1.098625
1.098438
1.097875
1.097687
1.097375
1.097125
1.096688
1.096375
1.096000
1.095625
1.095375
1.095125
1.094563
1.094313
1.094000
1.093812
1.093312
1.093125
1.092875
1.092437
1.092125
1.091938
1.091437
1.091187
1.090875
1.090625
1.090125
1.089875
1.089625
1.089125
1.088937
1.088625
1.088125
1.087875
1.087625
1.087375
1.086875
1.086562
1.086250
1.085875
1.085687
1.085438
1.084937
1.084687
1.084500
1.084125
1.083562
1.083312
1.083125
1.082562
1.082437
1.082125
1.081938
1.081437
1.081250
1.080937
1.080687
1.080625
1.080562
1.080500
1.080438
1.080312
1.080188
1.079750
1.079312
1.079062
1.078312
1.078063
1.077687
1.077188
1.076812
1.076563
1.076313
1.075875
1.075688
1.075500
1.075000
1.074687
1.074437
1.073812
1.073500
1.073125
1.072813
1.072188
1.071875
1.071563
1.071062
1.070812
1.070625
1.070187
1.070000
1.069750
1.069500
1.068875
1.068625
1.068250
1.067812
1.067500
1.067312
1.066750
1.066437
1.066187
1.065875
1.065250
1.064937
1.064563
1.064125
1.063875
1.063687
1.063375
1.062875
1.062687
1.062438
1.061937
1.061687
1.061563
1.061000
1.060688
1.060375
1.060125
1.059625
1.059375
1.059062
1.058625
1.058375
1.058125
1.057750
1.057500
1.057312
1.057000
1.056625
1.056375
1.056187
1.055750
1.055562
1.055312
1.054813
1.054500
1.054312
1.054000
1.053500
1.053187
1.053000
1.052500
1.052312
1.052000
1.051625
1.051312
1.051062
1.050750
1.050375
1.050187
1.050063
1.049937
1.049875
1.049813
1.049813
1.049750
1.049625
1.049562
1.049000
1.048750
1.048313
1.047688
1.047312
1.047062
1.046813
1.046312
1.046125
1.045938
1.045437
1.045250
1.045000
1.044562
1.044250
1.044062
1.043750
1.043062
1.042750
1.042562
1.042125
1.041875
1.041687
1.041188
1.041062
1.040812
1.040625
1.040125
1.039937
1.039687
1.039250
1.038937
1.038687
1.038125
1.037750
1.037500
1.037250
1.036750
1.036562
1.036312
1.035812
1.035625
1.035313
1.034812
1.034562
1.034375
1.034188
1.033625
1.033313
1.033062
1.032562
1.032312
1.032000
1.031500
1.031188
1.031000
1.030812
1.030313
1.030063
1.029875
1.029375
1.029187
1.028937
1.028500
1.028250
1.028000
1.027688
1.027125
1.026937
1.026687
1.026250
1.026000
1.025750
1.025500
1.025000
1.024750
1.024500
1.024062
1.023813
1.023563
1.023125
1.022875
1.022688
1.022375
1.021937
1.021687
1.021500
1.021125
1.021000
1.020937
1.020875
1.020875
1.020812
1.020750
1.020437
1.020187
1.019937
1.019187
1.018875
1.018563
1.017938
1.017625
1.017375
1.017187
1.016812
1.016625
1.016438
1.016125
1.015937
1.015625
1.015125
1.014812
1.014438
1.014125
1.013437
1.013188
1.012938
1.012500
1.012375
1.012125
1.011625
1.011312
1.011125
1.010875
1.010500
1.010187
1.010000
1.009437
1.009187
1.008937
1.008687
1.008188
1.007938
1.007687
1.007063
1.006812
1.006625
1.006062
1.005813
1.005563
1.005375
1.004750
1.004500
1.004312
1.003875
1.003625
1.003375
1.002938
1.002625
1.002437
1.002187
1.001750
1.001500
1.001312
1.000750
1.000437
1.000250
0.999750
0.999500
0.999375
0.999125
0.998625
0.998375
0.998125
0.997625
0.997375
0.997062
0.996562
0.996312
0.996125
0.995812
0.995187
0.994937
0.994687
0.994250
0.994000
0.993875
0.993375
0.993125
0.992875
0.992625
0.992187
0.992000
0.991812
0.991750
0.991687
0.991687
0.991687
0.991562
0.991500
0.991250
0.990750
0.990375
0.990000
0.989188
0.988937
0.988750
0.988437
0.988000
0.987750
0.987562
0.987125
0.987000
0.986812
0.986375
0.986125
0.985750
0.985437
0.984750
0.984438
0.984250
0.983812
0.983625
0.983437
0.983000
0.982812
0.982500
0.982375
0.982000
0.981812
0.981562
0.981062
0.980812
0.980625
0.980187
0.979937
0.979687
0.979437
0.979000
0.978750
0.978500
0.978063
0.977812
0.977562
0.977125
0.977000
0.976812
0.976562
0.976187
0.975937
0.975750
0.975375
0.975187
0.974938
0.974750
0.974312
0.974063
0.973812
0.973375
0.973188
0.973000
0.972562
0.972375
0.972187
0.971937
0.971562
0.971312
0.971125
0.970687
0.970438
0.970250
0.969750
0.969562
0.969312
0.969062
0.968687
0.968500
0.968437
0.968313
0.968375
0.968437
0.968375
0.968313
0.968125
0.967875
0.967250
0.966937
0.966625
0.965812
0.965500
0.965250
0.964688
0.964500
0.964250
0.964062
0.963750
0.963625
0.963375
0.962875
0.962625
0.962312
0.961687
0.961375
0.961125
0.960875
0.960437
0.960125
0.959937
0.959562
0.959375
0.959062
0.958938
0.958375
0.958125
0.957875
0.957312
0.957062
0.956875
0.956312
0.956062
0.955875
0.955625
0.955062
0.954813
0.954562
0.954125
0.954000
0.953687
0.953188
0.952937
0.952688
0.952437
0.952000
0.951688
0.951500
0.950938
0.950750
0.950437
0.949875
0.949500
0.949250
0.948812
0.948125
0.947812
0.947625
0.947312
0.947062
0.946875
0.946312
0.946125
0.945812
0.945625
0.945187
0.945000
0.944750
0.944312
0.944125
0.943937
0.943500
0.943250
0.943000
0.942813
0.942375
0.942187
0.942000
0.941875
0.941812
0.941938
0.942000
0.942000
0.941938
0.941812
0.941187
0.940750
0.940312
0.939500
0.939250
0.938813
0.938562
0.938062
0.937812
0.937563
0.937187
0.937000
0.936875
0.936437
0.936187
0.935875
0.935562
0.934750
0.934437
0.934062
0.933438
0.933125
0.932938
0.932500
0.932312
0.932125
0.931875
0.931250
0.931000
0.930750
0.930250
0.929937
0.929687
0.929062
0.928750
0.928563
0.928187
0.927625
0.927375
0.927188
0.926562
0.926313
0.926125
0.925500
0.925187
0.925000
0.924687
0.924187
0.923875
0.923625
0.923125
0.922813
0.922562
0.922250
0.921625
0.921438
0.921063
0.920500
0.920250
0.920000
0.919375
0.919062
0.918875
0.918562
0.918000
0.917687
0.917437
0.916937
0.916625
0.916312
0.915750
0.915375
0.915062
0.914750
0.914312
0.914125
0.914000
0.913687
0.913562
0.913375
0.913000
0.912875
0.912625
0.912375
0.911875
0.911750
0.911500
0.911000
0.910688
0.910437
0.909937
0.909687
0.909437
0.909250
0.908625
0.908312
0.908000
0.907437
0.907188
0.907062
0.907188
0.907437
0.907812
0.908125
0.908812
0.909000
0.909062
0.909125
0.909000
0.908750
0.908500
0.907812
0.907500
0.907375
0.907062
0.906937
0.906812
0.906437
0.906313
0.906125
0.906000
0.905562
0.905375
0.905062
0.904375
0.903875
0.903500
0.902750
0.902437
0.902125
0.901875
0.901375
0.901125
0.900875
0.900312
0.900000
0.899687
0.899125
0.898875
0.898625
0.898375
0.897812
0.897500
0.897250
0.896687
0.896500
0.896250
0.895812
0.895500
0.895250
0.895000
0.894562
0.894375
0.894125
0.893625
0.893437
0.893187
0.892812
0.892750
0.892562
0.892438
0.892000
0.891750
0.891500
0.891000
0.890750
0.890562
0.890312
0.889875
0.889687
0.889375
0.889000
0.888875
0.888687
0.888313
0.888187
0.887937
0.887750
0.887375
0.887250
0.887000
0.886500
0.886312
0.886125
0.885687
0.885562
0.885312
0.885125
0.884750
0.884687
0.884500
0.884562
0.884625
0.884750
0.885000
0.885188
0.885188
0.885312
0.885125
0.884938
0.884687
0.884062
0.883750
0.883438
0.882938
0.882687
0.882563
0.882437
0.882187
0.882063
0.881937
0.881625
0.881500
0.881312
0.880813
0.880500
0.880250
0.879938
0.879438
0.879375
0.879187
0.878875
0.878687
0.878437
0.878250
0.877937
0.877812
0.877688
0.877375
0.877187
0.877000
0.876625
0.876375
0.876250
0.876062
0.875750
0.875562
0.875375
0.874937
0.874812
0.874563
0.874312
0.874062
0.873937
0.873750
0.873375
0.873187
0.873062
0.872688
0.872562
0.872437
0.872187
0.872000
0.871813
0.871625
0.871312
0.871250
0.871063
0.870812
0.870625
0.870562
0.870312
0.870187
0.870000
0.869875
0.869563
0.869500
0.869437
0.869125
0.869062
0.868937
0.868688
0.868437
0.868375
0.868187
0.867875
0.867687
0.867562
0.867375
0.867313
0.867313
0.867500
0.867875
0.868125
0.868250
0.868562
0.868500
0.868500
0.868000
0.867750
0.867375
0.867000
0.866375
0.866125
0.865812
0.865563
0.865500
0.865437
0.865188
0.865125
0.865000
0.864937
0.864500
0.864250
0.863937
0.863250
0.863000
0.862812
0.862625
0.862438
0.862375
0.862250
0.862063
0.861875
0.861750
0.861500
0.861437
0.861250
0.860875
0.860688
0.860500
0.860313
0.860125
0.860000
0.859812
0.859500
0.859250
0.859062
0.858812
0.858750
0.858563
0.858437
0.858000
0.857875
0.857687
0.857500
0.857250
0.857250
0.857000
0.856687
0.856500
0.856437
0.856062
0.855937
0.855812
0.855500
0.855375
0.855250
0.855062
0.854687
0.854562
0.854375
0.854000
0.853812
0.853625
0.853312
0.853187
0.853000
0.852812
0.852437
0.852375
0.852188
0.851937
0.851812
0.851750
0.851500
0.851313
0.851125
0.851000
0.850875
0.850750
0.850625
0.850312
0.850250
0.850125
0.849938
0.849812
0.849687
0.849625
0.849500
0.849563
0.849687
0.850187
0.850625
0.850875
0.851313
0.851437
0.851500
0.851500
0.851187
0.850875
0.850500
0.849875
0.849563
0.849250
0.849000
0.848750
0.848688
0.848625
0.848563
0.848563
0.848437
0.848125
0.847937
0.847625
0.847375
0.846750
0.846500
0.846438
0.846250
0.846250
0.846187
0.846000
0.845937
0.845812
0.845687
0.845438
0.845250
0.845187
0.844875
0.844812
0.844625
0.844312
0.844187
0.844062
0.843937
0.843687
0.843500
0.843375
0.843062
0.842938
0.842812
0.842500
0.842500
0.842375
0.842250
0.842125
0.842062
0.841937
0.841687
0.841563
0.841500
0.841250
0.841125
0.841000
0.840937
0.840687
0.840687
0.840500
0.840375
0.840312
0.840250
0.840187
0.840062
0.840062
0.839937
0.839875
0.839813
0.839688
0.839562
0.839562
0.839500
0.839437
0.839375
0.839250
0.839125
0.838937
0.838812
0.838687
0.838562
0.838500
0.838437
0.838500
0.838250
0.838063
0.838000
0.837875
0.837937
0.837875
0.837812
0.837812
0.838000
0.838187
0.838937
0.839312
0.839625
0.839937
0.840000
0.840062
0.839875
0.839688
0.839437
0.839000
0.838313
0.838063
0.837937
0.837562
0.837438
0.837312
0.837125
0.837062
0.837000
0.836812
0.836437
0.836250
0.835937
0.835375
0.835062
0.834875
0.834562
0.834313
0.834187
0.834187
0.834125
0.834000
0.833875
0.833562
0.833438
0.833312
0.833125
0.832938
0.832812
0.832750
0.832500
0.832375
0.832187
0.831875
0.831750
0.831625
0.831562
0.831312
0.831250
0.831000
0.830750
0.830687
0.830562
0.830437
0.830375
0.830250
0.830187
0.829938
0.829875
0.829750
0.829562
0.829438
0.829375
0.829250
0.829125
0.829000
0.828875
0.828625
0.828437
0.828312
0.828062
0.827937
0.827812
0.827688
0.827500
0.827375
0.827250
0.827062
0.827000
0.826875
0.826750
0.826625
0.826437
0.826375
0.826125
0.826000
0.825813
0.825500
0.825312
0.825250
0.825000
0.824875
0.824812
0.824687
0.824437
0.824375
0.824188
0.823937
0.823875
0.823812
0.824000
0.824250
0.824562
0.824812
0.825437
0.825625
0.825750
0.825813
0.825750
0.825500
0.825062
0.824687
0.824375
0.824000
0.823312
0.823062
0.822875
0.822688
0.822625
0.822562
0.822438
0.822375
0.822250
0.822125
0.821625
0.821250
0.820875
0.820375
0.820187
0.820125
0.819875
0.819812
0.819687
0.819687
0.819437
0.819375
0.819188
0.818875
0.818688
0.818562
0.818313
0.817937
0.817875
0.817750
0.817438
0.817250
0.817125
0.816812
0.816750
0.816500
0.816437
0.816125
0.816000
0.815812
0.815563
0.815437
0.815312
0.815062
0.815000
0.814812
0.814750
0.814500
0.814375
0.814188
0.813937
0.813813
0.813625
0.813312
0.813187
0.813125
0.812937
0.812750
0.812625
0.812500
0.812125
0.812000
0.811937
0.811688
0.811562
0.811375
0.811250
0.811000
0.810812
0.810750
0.810437
0.810313
0.810125
0.809750
0.809500
0.809375
0.809250
0.809000
0.808937
0.808687
0.808375
0.808187
0.808062
0.807875
0.807687
0.807500
0.807500
0.807500
0.807687
0.807938
0.808438
0.808687
0.808812
0.808812
0.808563
0.808375
0.808187
0.807500
0.807063
0.806625
0.805875
0.805500
0.805250
0.805062
0.804875
0.804875
0.804750
0.804562
0.804375
0.804125
0.803563
0.803187
0.802937
0.802688
0.802250
0.802188
0.802062
0.801813
0.801625
0.801500
0.801187
0.800937
0.800750
0.800562
0.800125
0.799937
0.799687
0.799250
0.799062
0.798875
0.798500
0.798250
0.798125
0.797937
0.797625
0.797375
0.797187
0.796875
0.796687
0.796500
0.796375
0.796125
0.796000
0.795812
0.795500
0.795375
0.795187
0.795000
0.794750
0.794563
0.794375
0.794187
0.794062
0.793937
0.793625
0.793500
0.793375
0.793187
0.793000
0.792875
0.792750
0.792437
0.792313
0.792125
0.791812
0.791687
0.791625
0.791312
0.791062
0.791000
0.790875
0.790687
0.790625
0.790563
0.790687
0.790812
0.791062
0.791562
0.791875
0.792062
0.792187
0.792250
0.792187
0.792125
0.791687
0.791438
0.791062
0.790313
0.790000
0.789562
0.789312
0.788937
0.788875
0.788750
0.788562
0.788437
0.788312
0.788125
0.787625
0.787375
0.787063
0.786687
0.786625
0.786625
0.786500
0.786437
0.786375
0.786313
0.785937
0.785812
0.785625
0.785250
0.785062
0.785000
0.784687
0.784500
0.784375
0.784250
0.783875
0.783625
0.783437
0.783250
0.783125
0.783000
0.782750
0.782500
0.782375
0.782187
0.781875
0.781750
0.781625
0.781375
0.781312
0.781125
0.780750
0.780562
0.780437
0.780250
0.780000
0.779875
0.779750
0.779500
0.779312
0.779187
0.778938
0.778812
0.778687
0.778562
0.778187
0.778125
0.777875
0.777562
0.777437
0.777312
0.777125
0.776875
0.776625
0.776500
0.776250
0.776312
0.776312
0.776812
0.777062
0.777437
0.777750
0.778375
0.778562
0.778750
0.778812
0.778687
0.778500
0.777937
0.777562
0.777188
0.776875
0.776187
0.775937
0.775625
0.775312
0.775125
0.775000
0.774688
0.774562
0.774312
0.774000
0.773312
0.773062
0.772812
0.772313
0.772187
0.772062
0.771875
0.771750
0.771625
0.771438
0.771062
0.770875
0.770625
0.770250
0.770062
0.769875
0.769500
0.769250
0.769000
0.768812
0.768437
0.768187
0.768000
0.767625
0.767500
0.767313
0.767062
0.766687
0.766500
0.766250
0.765812
0.765562
0.765312
0.764937
0.764812
0.764687
0.764500
0.764188
0.764000
0.763750
0.763437
0.763250
0.763125
0.762812
0.762625
0.762438
0.762250
0.761937
0.761750
0.761563
0.761187
0.761063
0.760812
0.760562
0.760375
0.760188
0.760062
0.759687
0.759500
0.759375
0.758937
0.758812
0.758625
0.758312
0.758125
0.757937
0.757812
0.757625
0.757750
0.757937
0.758562
0.758875
0.759250
0.759938
0.760188
0.760250
0.760375
0.760250
0.760125
0.759812
0.759187
0.758812
0.758312
0.757625
0.757312
0.757062
0.756937
0.756562
0.756437
0.756187
0.755875
0.755625
0.755375
0.755063
0.754375
0.754125
0.753875
0.753687
0.753625
0.753625
0.753500
0.753437
0.753313
0.753250
0.752875
0.752750
0.752562
0.752187
0.752062
0.751875
0.751562
0.751375
0.751250
0.751125
0.750750
0.750562
0.750375
0.750062
0.749937
0.749687
0.749312
0.749187
0.749125
0.748937
0.748750
0.748563
0.748437
0.748187
0.748062
0.747937
0.747625
0.747500
0.747312
0.747187
0.746875
0.746687
0.746562
0.746250
0.746062
0.745938
0.745562
0.745375
0.745125
0.744937
0.744563
0.744375
0.744187
0.743875
0.743688
0.743500
0.743312
0.743062
0.742937
0.742937
0.743000
0.743187
0.743375
0.744187
0.744563
0.745000
0.745375
0.745875
0.745938
0.746000
0.745750
0.745500
0.745250
0.744563
0.744187
0.743812
0.743500
0.742875
0.742687
0.742437
0.742000
0.741625
0.741312
0.740625
0.740375
0.739937
0.739500
0.738750
0.738437
0.738250
0.738125
0.738000
0.737937
0.737812
0.737688
0.737562
0.737375
0.736937
0.736750
0.736437
0.735937
0.735750
0.735375
0.734875
0.734562
0.734250
0.733937
0.733562
0.733437
0.733375
0.733125
0.732938
0.732750
0.732625
0.732312
0.732187
0.731937
0.731750
0.731562
0.731375
0.731188
0.731000
0.731000
0.730750
0.730437
0.730313
0.730125
0.729750
0.729625
0.729500
0.729250
0.729062
0.728875
0.728688
0.728375
0.728187
0.728063
0.727813
0.727625
0.727437
0.727062
0.726875
0.726812
0.726625
0.726375
0.726250
0.726062
0.725750
0.725500
0.725438
0.725062
0.724937
0.724812
0.724688
0.724625
0.724750
0.725000
0.725687
0.726125
0.726562
0.727375
0.727687
0.727875
0.728000
0.727937
0.727687
0.727437
0.726500
0.726000
0.725438
0.724937
0.723875
0.723375
0.723000
0.722437
0.722187
0.722000
0.721375
0.721125
0.720750
0.720250
0.719437
0.719062
0.718750
0.718187
0.718000
0.717875
0.717562
0.717375
0.717125
0.716937
0.716375
0.716062
0.715875
0.715563
0.715437
0.715375
0.715125
0.714937
0.714750
0.714500
0.714188
0.713937
0.713750
0.713500
0.713437
0.713313
0.713125
0.712875
0.712687
0.712500
0.712000
0.711875
0.711687
0.711437
0.711250
0.711062
0.710875
0.710750
0.710562
0.710437
0.710125
0.709938
0.709813
0.709625
0.709500
0.709375
0.709187
0.708812
0.708562
0.708437
0.708250
0.708125
0.707937
0.707625
0.707500
0.707375
0.707250
0.707062
0.706875
0.706812
0.706562
0.706438
0.706312
0.706500
0.706750
0.707062
0.707500
0.708437
0.708875
0.709250
0.710000
0.710187
0.710375
0.710187
0.709938
0.709562
0.709250
0.708500
0.708250
0.707875
0.707313
0.707000
0.706750
0.706187
0.705937
0.705562
0.705187
0.704250
0.703812
0.703250
0.702437
0.702062
0.701812
0.701562
0.701437
0.701375
0.701250
0.701062
0.700875
0.700750
0.700375
0.700187
0.699938
0.699750
0.699312
0.699063
0.698875
0.698375
0.698062
0.697812
0.697375
0.697125
0.696875
0.696687
0.696312
0.696125
0.696062
0.696062
0.696062
0.696125
0.696312
0.696312
0.696375
0.696437
0.696687
0.696937
0.697062
0.697062
0.697125
0.697062
0.697062
0.697000
0.697000
0.696875
0.696813
0.696687
0.696500
0.696000
0.695687
0.695375
0.694625
0.694313
0.694000
0.693687
0.693375
0.693187
0.692937
0.692563
0.692500
0.692563
0.692875
0.693187
0.693562
0.694062
0.694937
0.695375
0.695812
0.696312
0.696500
0.696500
0.696375
0.695938
0.695625
0.695187
0.694500
0.694125
0.693812
0.693062
0.692750
0.692375
0.692062
0.691375
0.691062
0.690625
0.689750
0.689250
0.688812
0.687812
0.687437
0.687125
0.686875
0.686437
0.686187
0.686000
0.685687
0.685500
0.685312
0.684937
0.684687
0.684437
0.684187
0.683812
0.683500
0.683375
0.682875
0.682625
0.682375
0.681875
0.681625
0.681375
0.681062
0.680625
0.680375
0.680125
0.679687
0.679500
0.679250
0.678750
0.678563
0.678312
0.678125
0.677750
0.677625
0.677312
0.676938
0.676687
0.676500
0.676250
0.675750
0.675437
0.675250
0.674875
0.674750
0.674500
0.674187
0.673875
0.673687
0.673437
0.673062
0.672875
0.672750
0.672312
0.672125
0.671875
0.671437
0.671312
0.671125
0.670937
0.670500
0.670312
0.670187
0.669937
0.669937
0.670000
0.670500
0.670937
0.671437
0.672000
0.673125
0.673625
0.674125
0.674562
0.674625
0.674500
0.674000
0.673687
0.673250
0.672875
0.672062
0.671687
0.671312
0.670687
0.670438
0.670187
0.669500
0.669062
0.668688
0.668125
0.667062
0.666562
0.666000
0.665187
0.664750
0.664437
0.664125
0.663562
0.663375
0.663187
0.662687
0.662500
0.662250
0.661812
0.661625
0.661375
0.661188
0.660625
0.660375
0.660125
0.659563
0.659375
0.659125
0.658687
0.658375
0.658125
0.657875
0.657375
0.657062
0.656812
0.656375
0.656187
0.656000
0.655625
0.655437
0.655250
0.655062
0.654625
0.654437
0.654250
0.653812
0.653687
0.653375
0.653000
0.652812
0.652625
0.652375
0.652000
0.651812
0.651562
0.651187
0.650937
0.650813
0.650375
0.650125
0.649938
0.649812
0.649375
0.649187
0.649000
0.648562
0.648375
0.648188
0.648000
0.647750
0.647562
0.647375
0.647125
0.646937
0.646875
0.647062
0.647375
0.647812
0.648375
0.649500
0.650062
0.650687
0.651562
0.651750
0.651875
0.651562
0.651187
0.650750
0.650312
0.649437
0.649000
0.648562
0.647875
0.647500
0.647187
0.646438
0.646125
0.645750
0.645312
0.644312
0.643750
0.643250
0.642250
0.641812
0.641375
0.640937
0.640750
0.640625
0.640375
0.640062
0.639812
0.639687
0.639375
0.639125
0.638875
0.638437
0.638125
0.637875
0.637625
0.637125
0.636875
0.636625
0.636063
0.635812
0.635562
0.635312
0.634812
0.634562
0.634250
0.633875
0.633687
0.633438
0.633125
0.632937
0.632812
0.632625
0.632187
0.632000
0.631813
0.631375
0.631187
0.631062
0.630625
0.630375
0.630187
0.629938
0.629562
0.629312
0.629062
0.628750
0.628437
0.628313
0.627875
0.627687
0.627500
0.627187
0.626750
0.626562
0.626375
0.625937
0.625750
0.625562
0.625125
0.624937
0.624875
0.624937
0.625437
0.625875
0.626375
0.627562
0.628125
0.628687
0.629500
0.629687
0.629750
0.629625
0.629000
0.628562
0.628187
0.627312
0.627000
0.626688
0.626375
0.625687
0.625375
0.625000
0.624312
0.623875
0.623500
0.622500
0.622000
0.621437
0.621000
0.620062
0.619687
0.619313
0.618812
0.618625
0.618312
0.617937
0.617750
0.617562
0.617375
0.616875
0.616625
0.616375
0.615750
0.615437
0.615125
0.614562
0.614250
0.614062
0.613812
0.613437
0.613187
0.613000
0.612500
0.612250
0.612000
0.611625
0.611375
0.611187
0.610937
0.610562
0.610375
0.610250
0.609750
0.609562
0.609500
0.609125
0.608937
0.608750
0.608562
0.608125
0.607938
0.607750
0.607375
0.607063
0.606937
0.606750
0.606500
0.606312
0.606062
0.605625
0.605437
0.605250
0.604875
0.604687
0.604500
0.604312
0.603938
0.603750
0.603500
0.603125
0.602875
0.602750
0.602375
0.602250
0.602000
0.601812
0.601375
0.601187
0.601000
0.600750
0.600687
0.600812
0.601125
0.601500
0.601875
0.602500
0.603812
0.604562
0.605125
0.606062
0.606250
0.606250
0.605687
0.605250
0.604875
0.604500
0.603812
0.603375
0.603125
0.602500
0.602125
0.601812
0.601187
0.600875
0.600563
0.600125
0.599250
0.598688
0.598125
0.597187
0.596687
0.596312
0.595937
0.595438
0.595250
0.594937
0.594625
0.594437
0.594250
0.593875
0.593687
0.593500
0.593312
0.592812
0.592500
0.592313
0.591750
0.591500
0.591125
0.590687
0.590437
0.590187
0.589875
0.589375
0.589062
0.588812
0.588313
0.588063
0.587875
0.587500
0.587250
0.587062
0.586812
0.586437
0.586312
0.586000
0.585688
0.585437
0.585250
0.584813
0.584687
0.584437
0.584250
0.583875
0.583625
0.583375
0.583000
0.582687
0.582500
0.582000
0.581687
0.581438
0.581187
0.580687
0.580500
0.580375
0.579875
0.579625
0.579437
0.579187
0.578750
0.578562
0.578312
0.577937
0.577750
0.577625
0.577500
0.577375
0.577312
0.577187
0.576812
0.576750
0.576688
0.576750
0.576875
0.577187
0.578000
0.578562
0.579187
0.579750
0.581000
0.581438
0.581812
0.582062
0.581812
0.581500
0.580625
0.580125
0.579750
0.579312
0.578687
0.578312
0.578062
0.577500
0.577187
0.576937
0.576250
0.575875
0.575437
0.575000
0.574063
0.573563
0.573125
0.572438
0.572062
0.571813
0.571375
0.571250
0.571125
0.571000
0.570687
0.570562
0.570375
0.570125
0.569937
0.569687
0.569500
0.569062
0.568812
0.568625
0.568062
0.567812
0.567500
0.566937
0.566688
0.566437
0.566187
0.565750
0.565500
0.565187
0.564687
0.564500
0.564250
0.563812
0.563687
0.563437
0.563187
0.562875
0.562687
0.562437
0.562125
0.561937
0.561750
0.561375
0.561187
0.561000
0.560812
0.560500
0.560312
0.560062
0.559750
0.559500
0.559375
0.558875
0.558687
0.558625
0.558562
0.558750
0.559000
0.559375
0.560437
0.561063
0.561625
0.562875
0.563375
0.563750
0.563937
0.563625
0.563312
0.563000
0.562312
0.561937
0.561687
0.561063
0.560750
0.560437
0.560125
0.559562
0.559250
0.558937
0.558187
0.557687
0.557125
0.556625
0.555562
0.555125
0.554750
0.554125
0.553812
0.553563
0.553062
0.552813
0.552625
0.552437
0.552062
0.551875
0.551750
0.551375
0.551187
0.550937
0.550437
0.550250
0.550000
0.549750
0.549250
0.549000
0.548812
0.548312
0.548125
0.548000
0.547625
0.547437
0.547312
0.547125
0.546687
0.546375
0.546125
0.545875
0.545687
0.545562
0.545312
0.545187
0.545062
0.544937
0.544500
0.544437
0.544250
0.544062
0.544000
0.543812
0.543625
0.543500
0.543375
0.543250
0.543000
0.542750
0.542625
0.542437
0.542625
0.542875
0.543312
0.544500
0.545312
0.546125
0.547937
0.548687
0.549250
0.549437
0.549250
0.548937
0.548625
0.547937
0.547625
0.547437
0.547062
0.546875
0.546625
0.546125
0.545875
0.545687
0.545500
0.544937
0.544563
0.544187
0.543312
0.542937
0.542500
0.541812
0.541500
0.541188
0.540937
0.540625
0.540437
0.540313
0.539937
0.539688
0.539437
0.538937
0.538687
0.538375
0.538063
0.537500
0.537250
0.536937
0.536375
0.536062
0.535812
0.535312
0.535125
0.534750
0.534500
0.534000
0.533687
0.533375
0.532875
0.532625
0.532437
0.532187
0.531875
0.531687
0.531500
0.531250
0.531062
0.530875
0.530562
0.530437
0.530250
0.530125
0.529687
0.529500
0.529312
0.528875
0.528687
0.528562
0.528187
0.528000
0.527875
0.527687
0.527375
0.527437
0.527625
0.528500
0.529062
0.529813
0.531437
0.532187
0.532812
0.533250
0.533375
0.533187
0.533062
0.532750
0.532687
0.532500
0.532312
0.532125
0.532062
0.531937
0.531625
0.531500
0.531312
0.530937
0.530687
0.530375
0.529750
0.529312
0.529000
0.528625
0.528063
0.527812
0.527562
0.527188
0.527000
0.526812
0.526625
0.526062
0.525813
0.525500
0.524875
0.524625
0.524312
0.523750
0.523437
0.523125
0.522812
0.522187
0.521812
0.521625
0.521062
0.520812
0.520500
0.519937
0.519562
0.519250
0.518875
0.518500
0.518375
0.518125
0.517687
0.517437
0.517125
0.516687
0.516500
0.516312
0.516125
0.515750
0.515562
0.515375
0.515062
0.514875
0.514687
0.514250
0.514062
0.513812
0.513625
0.513250
0.513125
0.512937
0.512562
0.512312
0.512125
0.511812
0.511750
0.511875
0.512187
0.513313
0.514000
0.514875
0.516562
0.517250
0.517562
0.517750
0.517687
0.517562
0.517437
0.517313
0.517250
0.517187
0.517125
0.517125
0.517000
0.517062
0.516937
0.516875
0.516750
0.516750
0.516562
0.516375
0.516000
0.515750
0.515500
0.515375
0.515062
0.514875
0.514812
0.514500
0.514375
0.514125
0.513750
0.513500
0.513313
0.513000
0.512438
0.512062
0.511812
0.511250
0.510937
0.510625
0.510062
0.509750
0.509437
0.509187
0.508562
0.508312
0.508000
0.507437
0.507187
0.506875
0.506312
0.506062
0.505813
0.505500
0.505125
0.504875
0.504687
0.504188
0.504000
0.503750
0.503500
0.503125
0.502875
0.502687
0.502250
0.502000
0.501875
0.501375
0.501125
0.500875
0.500750
0.500312
0.500187
0.499938
0.499500
0.499250
0.499063
0.498625
0.498500
0.498437
0.498437
0.498937
0.499375
0.500000
0.501688
0.502500
0.503313
0.504000
0.504188
0.504312
0.504375
0.504312
0.504312
0.504250
0.504437
0.504562
0.504687
0.504875
0.504938
0.504875
0.504938
0.504938
0.504812
0.504625
0.504125
0.503812
0.503437
0.502750
0.502437
0.502125
0.501937
0.501437
0.501187
0.500937
0.500437
0.500187
0.499875
0.499688
0.499063
0.498875
0.498500
0.497938
0.497750
0.497500
0.497000
0.496750
0.496500
0.496312
0.495812
0.495562
0.495250
0.494625
0.494250
0.494000
0.493500
0.493187
0.493000
0.492750
0.492188
0.491938
0.491750
0.491313
0.491125
0.490875
0.490438
0.490188
0.489938
0.489688
0.489188
0.488875
0.488563
0.488000
0.487688
0.487500
0.486813
0.486625
0.486437
0.486187
0.485688
0.485438
0.485188
0.484687
0.484500
0.484313
0.483938
0.483750
0.483500
0.483312
0.483000
0.482750
0.482625
0.482437
0.482563
0.482875
0.483188
0.484562
0.485438
0.486313
0.487750
0.488125
0.488375
0.488625
0.488687
0.488750
0.488875
0.489313
0.489438
0.489500
0.489688
0.489625
0.489750
0.489625
0.489563
0.489500
0.489375
0.489000
0.488687
0.488313
0.487750
0.487438
0.487125
0.486563
0.486187
0.486000
0.485688
0.485063
0.484813
0.484625
0.484000
0.483812
0.483562
0.483000
0.482812
0.482500
0.482188
0.481625
0.481375
0.481188
0.480563
0.480375
0.480063
0.479500
0.479125
0.478812
0.478500
0.478000
0.477750
0.477438
0.476875
0.476563
0.476313
0.476000
0.475375
0.475125
0.474875
0.474375
0.474125
0.473813
0.473250
0.473000
0.472750
0.472562
0.472063
0.471813
0.471563
0.471125
0.470875
0.470625
0.470125
0.469875
0.469625
0.469313
0.468812
0.468625
0.468313
0.467875
0.467687
0.467563
0.467125
0.466938
0.466688
0.466563
0.466000
0.465813
0.465563
0.465125
0.464875
0.464688
0.464312
0.464125
0.464125
0.464312
0.465062
0.465750
0.466563
0.468313
0.469000
0.469500
0.469937
0.470063
0.470187
0.470313
0.470688
0.470875
0.470938
0.471125
0.471125
0.471063
0.471000
0.470812
0.470688
0.470562
0.470250
0.470000
0.469687
0.469062
0.468688
0.468375
0.468000
0.467375
0.467125
0.466812
0.466312
0.466062
0.465875
0.465437
0.465187
0.464875
0.464750
0.464188
0.463937
0.463750
0.463187
0.462938
0.462688
0.462188
0.462000
0.461750
0.461500
0.461000
0.460750
0.460500
0.460000
0.459813
0.459563
0.459063
0.458750
0.458438
0.458188
0.457625
0.457437
0.457188
0.456688
0.456375
0.456188
0.455687
0.455563
0.455313
0.455125
0.454562
0.454375
0.454188
0.453688
0.453437
0.453250
0.453063
0.452625
0.452437
0.452188
0.451625
0.451437
0.451250
0.450750
0.450625
0.450375
0.450188
0.449750
0.449500
0.449313
0.448875
0.448687
0.448813
0.449250
0.449750
0.450375
0.451125
0.452625
0.453187
0.453500
0.454250
0.454500
0.454813
0.455250
0.455313
0.455313
0.455313
0.455250
0.455250
0.455187
0.455125
0.455000
0.454875
0.454562
0.454375
0.454188
0.453875
0.453187
0.452750
0.452437
0.451625
0.451313
0.451000
0.450563
0.450312
0.450000
0.449812
0.449313
0.449063
0.449000
0.448500
0.448250
0.448000
0.447812
0.447375
0.447125
0.446875
0.446375
0.446188
0.446000
0.445500
0.445250
0.445063
0.444750
0.444250
0.444000
0.443688
0.443125
0.442937
0.442688
0.442250
0.442000
0.441750
0.441500
0.440937
0.440750
0.440500
0.440062
0.439813
0.439688
0.439188
0.438937
0.438687
0.438500
0.438063
0.437812
0.437562
0.437250
0.437000
0.436687
0.436250
0.436000
0.435812
0.435562
0.435188
0.435000
0.434750
0.434375
0.434187
0.433937
0.433438
0.433250
0.433000
0.432938
0.432625
0.432625
0.432750
0.433500
0.434187
0.434875
0.435750
0.437000
0.437438
0.437875
0.438563
0.438813
0.439000
0.439125
0.439063
0.439063
0.439125
0.439000
0.438937
0.438937
0.438750
0.438687
0.438437
0.438063
0.437875
0.437625
0.437375
0.436625
0.436188
0.435875
0.435250
0.434938
0.434687
0.434313
0.434125
0.434000
0.433875
0.433438
0.433250
0.432938
0.432500
0.432313
0.432125
0.431750
0.431562
0.431312
0.431062
0.430563
0.430375
0.430250
0.429813
0.429625
0.429375
0.428875
0.428688
0.428437
0.428250
0.427750
0.427438
0.427188
0.426625
0.426437
0.426250
0.426063
0.425563
0.425375
0.425188
0.424750
0.424563
0.424313
0.424000
0.423813
0.423625
0.423438
0.423062
0.422875
0.422625
0.422250
0.421937
0.421813
0.421375
0.421250
0.421062
0.420875
0.420375
0.420250
0.420125
0.420125
0.420375
0.420812
0.421937
0.422563
0.423062
0.423563
0.424437
0.424812
0.425063
0.425438
0.425500
0.425563
0.425500
0.425438
0.425375
0.425375
0.425188
0.425188
0.425063
0.424875
0.424688
0.424437
0.423937
0.423625
0.423312
0.422938
0.422250
0.422000
0.421750
0.421312
0.421187
0.420938
0.420812
0.420500
0.420375
0.420187
0.419875
0.419750
0.419563
0.419125
0.418938
0.418813
0.418625
0.418187
0.417937
0.417750
0.417375
0.417125
0.416938
0.416562
0.416438
0.416250
0.415937
0.415500
0.415250
0.415000
0.414562
0.414313
0.414063
0.413625
0.413500
0.413313
0.413125
0.412750
0.412562
0.412313
0.411937
0.411750
0.411500
0.411063
0.410875
0.410688
0.410375
0.409938
0.409750
0.409563
0.409250
0.409063
0.409000
0.409187
0.409438
0.409938
0.410438
0.411438
0.411875
0.412313
0.412875
0.413063
0.413188
0.413313
0.413375
0.413375
0.413313
0.413313
0.413250
0.413188
0.413000
0.412938
0.412750
0.412688
0.412250
0.412063
0.411813
0.411188
0.410937
0.410688
0.410125
0.409875
0.409625
0.409438
0.409063
0.408875
0.408688
0.408312
0.408188
0.407938
0.407687
0.407437
0.407250
0.407063
0.406688
0.406500
0.406312
0.405813
0.405562
0.405375
0.405000
0.404813
0.404625
0.404438
0.403938
0.403750
0.403562
0.403188
0.402937
0.402750
0.402188
0.402000
0.401875
0.401688
0.401375
0.401250
0.401187
0.400687
0.400500
0.400188
0.399875
0.399688
0.399500
0.399437
0.399063
0.398813
0.398625
0.398187
0.397938
0.397688
0.397500
0.397063
0.396813
0.396625
0.396375
0.396250
0.396375
0.396937
0.397375
0.397938
0.398313
0.399188
0.399375
0.399563
0.399875
0.399938
0.400000
0.400000
0.399938
0.399938
0.399875
0.399875
0.399812
0.399688
0.399625
0.399563
0.399437
0.399125
0.398750
0.398375
0.397938
0.397000
0.396563
0.396188
0.395625
0.395375
0.395250
0.395000
0.394937
0.394813
0.394750
0.394500
0.394313
0.394125
0.393687
0.393438
0.393250
0.392875
0.392688
0.392500
0.392313
0.391937
0.391813
0.391688
0.391438
0.391313
0.391125
0.390938
0.390625
0.390438
0.390375
0.390000
0.389937
0.389812
0.389562
0.389438
0.389313
0.389250
0.389000
0.388875
0.388687
0.388313
0.388125
0.388063
0.387750
0.387625
0.387500
0.387250
0.387063
0.386937
0.386875
0.386687
0.386500
0.386313
0.385938
0.385750
0.385625
0.385437
0.385250
0.385188
0.385188
0.385625
0.385938
0.386375
0.387125
0.387438
0.387688
0.387938
0.388187
0.388250
0.388313
0.388375
0.388438
0.388438
0.388438
0.388375
0.388313
0.388250
0.388125
0.388000
0.387812
0.387500
0.387250
0.387000
0.386750
0.386125
0.385875
0.385625
0.385188
0.384938
0.384750
0.384250
0.384063
0.383938
0.383812
0.383438
0.383250
0.383063
0.382812
0.382688
0.382562
0.382187
0.382000
0.381813
0.381625
0.381188
0.380938
0.380750
0.380250
0.380063
0.379750
0.379312
0.379125
0.378875
0.378625
0.378125
0.377875
0.377625
0.377125
0.376938
0.376688
0.376312
0.376125
0.375937
0.375813
0.375437
0.375313
0.375062
0.374688
0.374500
0.374312
0.373813
0.373625
0.373375
0.373188
0.372875
0.372688
0.372438
0.371938
0.371750
0.371563
0.371312
0.370938
0.370688
0.370438
0.370000
0.369750
0.369563
0.369375
0.369437
0.369750
0.370063
0.370938
0.371312
0.371688
0.372375
0.372563
0.372750
0.372750
0.372688
0.372563
0.372438
0.372312
0.372250
0.372125
0.372000
0.371875
0.371750
0.371500
0.371375
0.371125
0.370938
0.370438
0.370125
0.369812
0.369125
0.368813
0.368500
0.368062
0.367875
0.367750
0.367563
0.367250
0.367063
0.366937
0.366562
0.366375
0.366188
0.365813
0.365563
0.365375
0.365188
0.364625
0.364438
0.364188
0.363750
0.363438
0.363250
0.363000
0.362563
0.362437
0.362188
0.361750
0.361562
0.361313
0.360875
0.360687
0.360438
0.360250
0.359938
0.359688
0.359562
0.359063
0.358938
0.358687
0.358375
0.358188
0.357875
0.357625
0.357188
0.357000
0.356813
0.356438
0.356250
0.356063
0.355625
0.355375
0.355188
0.355000
0.354562
0.354313
0.354125
0.353750
0.353500
0.353312
0.352937
0.352688
0.352375
0.352188
0.351875
0.351938
0.352000
0.352562
0.353000
0.353438
0.354187
0.354438
0.354688
0.354813
0.355063
0.355063
0.355125
0.355125
0.355063
0.355000
0.354875
0.354562
0.354438
0.354375
0.354125
0.353875
0.353688
0.353250
0.353000
0.352688
0.352437
0.351875
0.351625
0.351375
0.350750
0.350625
0.350500
0.350188
0.350062
0.349875
0.349750
0.349313
0.349187
0.349063
0.348688
0.348500
0.348312
0.347875
0.347688
0.347438
0.347313
0.346875
0.346625
0.346438
0.346063
0.345875
0.345625
0.345250
0.345000
0.344813
0.344563
0.344063
0.343812
0.343625
0.343188
0.343000
0.342875
0.342438
0.342250
0.342125
0.342000
0.341563
0.341313
0.341125
0.340813
0.340563
0.340375
0.340188
0.339812
0.339625
0.339438
0.339000
0.338875
0.338625
0.338250
0.338063
0.337813
0.337563
0.337125
0.336937
0.336750
0.336500
0.336437
0.336437
0.336875
0.337188
0.337563
0.338000
0.338625
0.338875
0.339000
0.339250
0.339250
0.339313
0.339188
0.339125
0.339063
0.339000
0.338688
0.338562
0.338375
0.338187
0.338063
0.337938
0.337500
0.337188
0.336937
0.336625
0.336063
0.335750
0.335438
0.335000
0.334750
0.334563
0.334250
0.334125
0.334000
0.333750
0.333438
0.333250
0.333063
0.332750
0.332563
0.332375
0.332125
0.331750
0.331500
0.331250
0.330813
0.330625
0.330438
0.330063
0.329875
0.329625
0.329437
0.329000
0.328813
0.328562
0.328125
0.327938
0.327750
0.327375
0.327125
0.326938
0.326750
0.326375
0.326125
0.325938
0.325563
0.325375
0.325188
0.324750
0.324563
0.324375
0.324187
0.323875
0.323688
0.323500
0.323000
0.322813
0.322562
0.322250
0.322125
0.321813
0.321687
0.321250
0.321063
0.320875
0.320500
0.320375
0.320125
0.319750
0.319563
0.319313
0.319313
0.319313
0.319563
0.319813
0.320563
0.320938
0.321250
0.321500
0.321875
0.322000
0.322000
0.322062
0.322062
0.322000
0.321813
0.321625
0.321563
0.321438
0.321125
0.321000
0.320875
0.320438
0.320188
0.320000
0.319500
0.319250
0.318938
0.318750
0.318125
0.317875
0.317625
0.317250
0.317125
0.316938
0.316688
0.316500
0.316250
0.316125
0.315813
0.315625
0.315500
0.315125
0.314938
0.314625
0.314250
0.314000
0.313812
0.313563
0.313313
0.313125
0.312875
0.312500
0.312375
0.312063
0.311625
0.311375
0.311188
0.310938
0.310500
0.310250
0.310063
0.309687
0.309500
0.309313
0.309063
0.308750
0.308500
0.308313
0.307938
0.307750
0.307563
0.307188
0.307000
0.306750
0.306500
0.306188
0.306000
0.305813
0.305500
0.305313
0.305125
0.304688
0.304500
0.304375
0.304125
0.303813
0.303562
0.303375
0.302938
0.302813
0.302625
0.302250
0.302063
0.301875
0.301688
0.301688
0.301875
0.302125
0.302750
0.303000
0.303375
0.303875
0.304000
0.304125
0.304188
0.304125
0.304062
0.304062
0.303813
0.303688
0.303625
0.303313
0.303125
0.303000
0.302813
0.302500
0.302250
0.302063
0.301500
0.301250
0.301000
0.300688
0.300188
0.299937
0.299688
0.299313
0.299125
0.299000
0.298687
0.298563
0.298438
0.298312
0.298000
0.297875
0.297688
0.297313
0.297125
0.296937
0.296500
0.296250
0.296062
0.295875
0.295438
0.295250
0.295063
0.294688
0.294500
0.294313
0.293938
0.293688
0.293500
0.293313
0.292937
0.292688
0.292500
0.292125
0.292000
0.291813
0.291500
0.291312
0.291125
0.290875
0.290500
0.290250
0.290062
0.289688
0.289562
0.289438
0.289000
0.288812
0.288625
0.288500
0.288125
0.287875
0.287812
0.287375
0.287125
0.286875
0.286687
0.286250
0.286063
0.285937
0.285500
0.285375
0.285188
0.285062
0.285125
0.285313
0.285500
0.286063
0.286375
0.286563
0.287000
0.287188
0.287250
0.287313
0.287250
0.287188
0.287125
0.286875
0.286750
0.286563
0.286375
0.286250
0.286063
0.285812
0.285562
0.285375
0.285250
0.284750
0.284500
0.284188
0.283625
0.283313
0.283062
0.282687
0.282500
0.282313
0.282187
0.281813
0.281688
0.281625
0.281250
0.281063
0.280875
0.280500
0.280375
0.280187
0.280000
0.279562
0.279375
0.279188
0.278813
0.278688
0.278437
0.278250
0.277813
0.277688
0.277375
0.276938
0.276750
0.276500
0.276125
0.275875
0.275687
0.275563
0.275187
0.275000
0.274812
0.274437
0.274250
0.274063
0.273688
0.273438
0.273250
0.273125
0.272750
0.272563
0.272375
0.272063
0.271875
0.271750
0.271312
0.271125
0.271000
0.270813
0.270438
0.270250
0.270063
0.269688
0.269500
0.269313
0.268875
0.268750
0.268563
0.268438
0.268000
0.267812
0.267625
0.267437
0.267437
0.267625
0.268063
0.268375
0.268687
0.268938
0.269250
0.269313
0.269375
0.269438
0.269313
0.269250
0.269188
0.268875
0.268687
0.268563
0.268313
0.268125
0.267938
0.267500
0.267313
0.267062
0.266813
0.266313
0.266125
0.265812
0.265313
0.265125
0.264875
0.264438
0.264313
0.264125
0.263937
0.263687
0.263500
0.263313
0.262937
0.262812
0.262625
0.262313
0.262125
0.261937
0.261813
0.261375
0.261125
0.260938
0.260563
0.260437
0.260313
0.259938
0.259688
0.259500
0.259313
0.258938
0.258750
0.258563
0.258188
0.258000
0.257813
0.257437
0.257313
0.257125
0.257000
0.256687
0.256500
0.256312
0.255938
0.255813
0.255625
0.255437
0.255125
0.254938
0.254750
0.254375
0.254188
0.254063
0.253625
0.253500
0.253313
0.253188
0.252813
0.252625
0.252438
0.252000
0.251812
0.251563
0.251312
0.251125
0.251000
0.250750
0.250375
0.250187
0.249938
0.249688
0.249625
0.249688
0.250062
0.250313
0.250563
0.250813
0.251188
0.251375
0.251375
0.251500
0.251437
0.251375
0.251125
0.251000
0.250813
0.250688
0.250437
0.250187
0.250062
0.249750
0.249563
0.249313
0.249000
0.248688
0.248438
0.248187
0.247688
0.247375
0.247187
0.246875
0.246688
0.246563
0.246250
0.246063
0.245938
0.245813
0.245500
0.245313
0.245188
0.244937
0.244750
0.244500
0.244375
0.244000
0.243875
0.243625
0.243250
0.243125
0.242938
0.242563
0.242313
0.242125
0.241938
0.241625
0.241438
0.241188
0.240875
0.240688
0.240500
0.240125
0.239937
0.239750
0.239563
0.239250
0.239125
0.239000
0.238688
0.238500
0.238313
0.237937
0.237813
0.237625
0.237438
0.237125
0.237000
0.236750
0.236375
0.236188
0.236063
0.235687
0.235500
0.235375
0.235188
0.234875
0.234750
0.234688
0.234875
0.235000
0.235125
0.235563
0.235750
0.235812
0.236000
0.236063
0.236063
0.236000
0.235812
0.235687
0.235563
0.235375
0.235125
0.234938
0.234812
0.234500
0.234250
0.234188
0.233750
0.233562
0.233313
0.233063
0.232625
0.232375
0.232125
0.231750
0.231562
0.231438
0.231063
0.231000
0.230875
0.230750
0.230375
0.230250
0.230063
0.229688
0.229375
0.229375
0.229000
0.228813
0.228625
0.228437
0.228125
0.227938
0.227750
0.227375
0.227250
0.227000
0.226813
0.226625
0.226500
0.226250
0.225813
0.225688
0.225500
0.225125
0.224938
0.224750
0.224437
0.224187
0.224000
0.223813
0.223375
0.223250
0.223063
0.222750
0.222500
0.222312
0.222188
0.221750
0.221563
0.221438
0.221062
0.220938
0.220688
0.220375
0.220187
0.220000
0.219750
0.219375
0.219187
0.219063
0.218938
0.219000
0.219000
0.219313
0.219500
0.219688
0.219813
0.220000
0.220062
0.220062
0.219938
0.219875
0.219813
0.219625
0.219563
0.219438
0.219313
0.218938
0.218750
0.218625
0.218313
0.218187
0.218063
0.217688
0.217438
0.217188
0.216937
0.216438
0.216313
0.216125
0.215875
0.215688
0.215438
0.215188
0.215000
0.214875
0.214750
0.214375
0.214125
0.214000
0.213625
0.213500
0.213375
0.213188
0.212812
0.212625
0.212438
0.212063
0.211875
0.211750
0.211375
0.211125
0.210938
0.210750
0.210438
0.210250
0.210063
0.209687
0.209562
0.209438
0.209063
0.208812
0.208625
0.208500
0.208188
0.208063
0.207875
0.207563
0.207438
0.207188
0.206875
0.206750
0.206563
0.206438
0.206063
0.205813
0.205687
0.205375
0.205063
0.205000
0.204688
0.204437
0.204313
0.204125
0.204000
0.204000
0.204063
0.204313
0.204437
0.204562
0.204813
0.204875
0.204875
0.204813
0.204750
0.204625
0.204625
0.204375
0.204250
0.204063
0.204000
0.203688
0.203562
0.203438
0.203250
0.203063
0.202875
0.202500
0.202250
0.202000
0.201813
0.201375
0.201188
0.201000
0.200688
0.200563
0.200437
0.200125
0.200000
0.199875
0.199750
0.199437
0.199312
0.199125
0.198813
0.198563
0.198313
0.198063
0.197875
0.197750
0.197562
0.197250
0.197063
0.196813
0.196438
0.196250
0.196063
0.195750
0.195563
0.195375
0.195125
0.194813
0.194688
0.194500
0.194188
0.194063
0.193813
0.193500
0.193313
0.193125
0.193000
0.192687
0.192500
0.192313
0.192000
0.191813
0.191625
0.191500
0.191188
0.191125
0.190875
0.190563
0.190438
0.190250
0.189938
0.189813
0.189688
0.189500
0.189063
0.188875
0.188750
0.188500
0.188313
0.188250
0.188313
0.188375
0.188500
0.188625
0.188938
0.189000
0.189125
0.189188
0.189125
0.189063
0.188938
0.188875
0.188750
0.188625
0.188438
0.188313
0.188125
0.187938
0.187750
0.187750
0.187438
0.187313
0.187188
0.187000
0.186625
0.186375
0.186188
0.185875
0.185688
0.185500
0.185250
0.185125
0.185000
0.184938
0.184625
0.184437
0.184313
0.183938
0.183812
0.183625
0.183500
0.183125
0.182938
0.182812
0.182563
0.182375
0.182188
0.181813
0.181688
0.181438
0.181313
0.180875
0.180750
0.180562
0.180250
0.180063
0.179938
0.179562
0.179375
0.179188
0.179063
0.178750
0.178625
0.178438
0.178063
0.177937
0.177688
0.177312
0.177125
0.177062
0.176875
0.176500
0.176375
0.176188
0.175813
0.175688
0.175500
0.175250
0.175063
0.174938
0.174750
0.174375
0.174188
0.174063
0.173750
0.173563
0.173438
0.173063
0.172875
0.172688
0.172500
0.172188
0.172000
0.171875
0.171500
0.171438
0.171312
0.171375
0.171500
0.171750
0.171813
0.172000
0.172125
0.172063
0.171937
0.171875
0.171813
0.171688
0.171438
0.171250
0.171125
0.170750
0.170688
0.170500
0.170250
0.170125
0.169938
0.169750
0.169438
0.169250
0.169000
0.168563
0.168375
0.168187
0.167813
0.167688
0.167500
0.167375
0.167063
0.166938
0.166875
0.166500
0.166375
0.166188
0.165875
0.165688
0.165563
0.165500
0.165125
0.164937
0.164750
0.164438
0.164250
0.164063
0.163750
0.163500
0.163375
0.163125
0.162813
0.162688
0.162500
0.162188
0.161938
0.161813
0.161563
0.161188
0.161000
0.160750
0.160375
0.160188
0.159938
0.159625
0.159500
0.159313
0.159063
0.158812
0.158688
0.158500
0.158187
0.158000
0.157813
0.157500
0.157375
0.157188
0.157063
0.156750
0.156563
0.156438
0.156063
0.155875
0.155687
0.155375
0.155250
0.155125
0.155063
0.154875
0.154875
0.155000
0.155250
0.155313
0.155375
0.155375
0.155313
0.155250
0.155125
0.154938
0.154813
0.154688
0.154375
0.154188
0.154062
0.153875
0.153750
0.153688
0.153563
0.153250
0.153063
0.152813
0.152437
0.152313
0.152188
0.152000
0.151625
0.151438
0.151250
0.150938
0.150875
0.150688
0.150438
0.150313
0.150188
0.150063
0.149813
0.149625
0.149500
0.149250
0.149125
0.149000
0.148625
0.148500
0.148375
0.148188
0.147938
0.147750
0.147688
0.147375
0.147125
0.147000
0.146687
0.146563
0.146375
0.146313
0.146062
0.145938
0.145812
0.145563
0.145375
0.145187
0.144875
0.144750
0.144563
0.144375
0.144125
0.144000
0.143875
0.143563
0.143438
0.143250
0.143000
0.142875
0.142750
0.142688
0.142375
0.142188
0.142063
0.141813
0.141625
0.141563
0.141438
0.141188
0.141125
0.141062
0.141062
0.141125
0.141125
0.141375
0.141313
0.141375
0.141375
0.141250
0.141062
0.140938
0.140750
0.140625
0.140500
0.140188
0.140000
0.139813
0.139563
0.139250
0.139125
0.139063
0.138938
0.138813
0.138688
0.138375
0.138250
0.138000
0.137812
0.137437
0.137313
0.137063
0.136750
0.136563
0.136438
0.136125
0.136063
0.135938
0.135813
0.135688
0.135625
0.135500
0.135313
0.135250
0.135063
0.134813
0.134688
0.134500
0.134312
0.134000
0.133875
0.133687
0.133313
0.133125
0.133000
0.132875
0.132438
0.132313
0.132125
0.131875
0.131750
0.131625
0.131563
0.131500
0.131375
0.131313
0.131000
0.130813
0.130625
0.130375
0.130313
0.130250
0.129938
0.129813
0.129688
0.129500
0.129250
0.129063
0.129000
0.128750
0.128688
0.128500
0.128313
0.128125
0.128000
0.128000
0.127938
0.127938
0.128000
0.128125
0.128188
0.128188
0.128125
0.128063
0.127938
0.127813
0.127500
0.127438
0.127250
0.127063
0.126937
0.126813
0.126500
0.126438
0.126312
0.126188
0.125875
0.125688
0.125500
0.125063
0.124875
0.124750
0.124625
0.124375
0.124187
0.124063
0.123875
0.123750
0.123563
0.123312
0.123187
0.123000
0.122875
0.122562
0.122438
0.122312
0.122000
0.121812
0.121687
0.121438
0.121312
0.121187
0.121063
0.120750
0.120625
0.120500
0.120250
0.120062
0.119938
0.119687
0.119625
0.119500
0.119500
0.119250
0.119125
0.118937
0.118625
0.118500
0.118313
0.118000
0.117875
0.117813
0.117688
0.117500
0.117313
0.117250
0.116875
0.116750
0.116562
0.116375
0.116125
0.116000
0.115937
0.115625
0.115562
0.115562
0.115625
0.115625
0.115687
0.115687
0.115562
0.115500
0.115375
0.115188
0.115062
0.115000
0.114812
0.114625
0.114500
0.114375
0.114063
0.113937
0.113812
0.113563
0.113437
0.113250
0.112937
0.112750
0.112563
0.112437
0.112063
0.111937
0.111812
0.111562
0.111500
0.111375
0.111125
0.111000
0.110875
0.110687
0.110438
0.110250
0.110125
0.109875
0.109750
0.109687
0.109500
0.109375
0.109250
0.109063
0.108750
0.108562
0.108500
0.108250
0.108125
0.108000
0.107750
0.107687
0.107562
0.107437
0.107187
0.107063
0.106937
0.106687
0.106625
0.106500
0.106125
0.106062
0.106000
0.105938
0.105687
0.105500
0.105375
0.105125
0.104938
0.104875
0.104813
0.104813
0.104813
0.104875
0.104938
0.104875
0.104813
0.104688
0.104625
0.104500
0.104313
0.104125
0.104062
0.103875
0.103688
0.103562
0.103437
0.103125
0.103062
0.102937
0.102750
0.102500
0.102375
0.102250
0.101875
0.101750
0.101625
0.101500
0.101437
0.101375
0.101313
0.101125
0.100937
0.100937
0.100687
0.100563
0.100437
0.100188
0.100062
0.099938
0.099812
0.099563
0.099437
0.099312
0.099188
0.099000
0.098937
0.098688
0.098563
0.098437
0.098312
0.098063
0.098000
0.097875
0.097625
0.097500
0.097375
0.097250
0.097062
0.096937
0.096937
0.096750
0.096625
0.096562
0.096375
0.096250
0.096125
0.095937
0.095687
0.095563
0.095500
0.095312
0.095187
0.095125
0.094938
0.094938
0.094875
0.094812
0.094875
0.094938
0.094875
0.094875
0.094812
0.094750
0.094625
0.094562
0.094437
0.094375
0.094188
0.094062
0.093937
0.093750
0.093625
0.093562
0.093437
0.093313
0.093250
0.093187
0.092875
0.092750
0.092625
0.092500
0.092312
0.092250
0.092000
0.091937
0.091875
0.091688
0.091500
0.091437
0.091375
0.091188
0.091063
0.091000
0.090875
0.090687
0.090625
0.090500
0.090187
0.090062
0.090000
0.089750
0.089687
0.089562
0.089500
0.089250
0.089125
0.089000
0.088750
0.088688
0.088563
0.088375
0.088312
0.088187
0.088063
0.087875
0.087812
0.087687
0.087438
0.087312
0.087250
0.087000
0.086875
0.086813
0.086750
0.086500
0.086375
0.086312
0.086062
0.086000
0.085875
0.085687
0.085563
0.085438
0.085312
0.085125
0.085062
0.084937
0.084688
0.084563
0.084437
0.084250
0.084125
0.084062
0.083938
0.083687
0.083500
0.083375
0.083250
0.083125
0.083063
0.082875
0.082687
0.082625
0.082562
0.082313
0.082250
0.082125
0.081875
0.081813
0.081688
0.081562
0.081250
0.081188
0.081063
0.080812
0.080687
0.080625
0.080375
0.080250
0.080187
0.080000
0.079938
0.079938
0.079938
0.079938
0.079938
0.079938
0.079938
0.079875
0.079812
0.079750
0.079562
0.079437
0.079313
0.079125
0.079062
0.078938
0.078750
0.078625
0.078500
0.078437
0.078250
0.078125
0.078063
0.077875
0.077750
0.077562
0.077250
0.077188
0.077062
0.076937
0.076687
0.076625
0.076500
0.076375
0.076250
0.076125
0.076063
0.075813
0.075687
0.075563
0.075313
0.075313
0.075125
0.074875
0.074688
0.074625
0.074562
0.074375
0.074250
0.074125
0.073875
0.073812
0.073625
0.073437
0.073312
0.073250
0.073125
0.073000
0.072875
0.072750
0.072562
0.072438
0.072250
0.072125
0.072000
0.071937
0.071813
0.071625
0.071563
0.071375
0.071188
0.071125
0.071062
0.070812
0.070750
0.070688
0.070625
0.070437
0.070375
0.070250
0.070000
0.070000
0.069813
0.069687
0.069563
0.069437
0.069375
0.069187
0.069000
0.068938
0.068750
0.068625
0.068562
0.068438
0.068250
0.068125
0.068062
0.067813
0.067750
0.067562
0.067375
0.067313
0.067188
0.067125
0.066875
0.066812
0.066688
0.066625
0.066688
0.066625
0.066563
0.066500
0.066437
0.066375
0.066125
0.065937
0.065875
0.065687
0.065563
0.065438
0.065125
0.065062
0.064938
0.064812
0.064625
0.064562
0.064500
0.064250
0.064125
0.064000
0.063750
0.063625
0.063562
0.063437
0.063250
0.063125
0.063000
0.062875
0.062750
0.062687
0.062438
0.062375
0.062312
0.062188
0.061937
0.061813
0.061750
0.061500
0.061437
0.061312
0.061187
0.061000
0.060938
0.060875
0.060687
0.060562
0.060438
0.060188
0.060062
0.059938
0.059875
0.059687
0.059625
0.059500
0.059313
0.059188
0.059125
0.058875
0.058812
0.058750
0.058687
0.058500
0.058437
0.058375
0.058125
0.058000
0.057937
0.057750
0.057625
0.057500
0.057438
0.057250
0.057125
0.057062
0.056875
0.056750
0.056687
0.056500
0.056437
0.056312
0.056250
0.056125
0.056000
0.055938
0.055750
0.055687
0.055687
0.055625
0.055562
0.055562
0.055500
0.055375
0.055312
0.055250
0.055062
0.055000
0.054875
0.054750
0.054625
0.054562
0.054437
0.054312
0.054250
0.054125
0.054000
0.053937
0.053812
0.053750
0.053562
0.053500
0.053375
0.053187
0.053125
0.053063
0.052937
0.052813
0.052750
0.052687
0.052500
0.052375
0.052312
0.052250
0.052125
0.052062
0.051875
0.051813
0.051750
0.051625
0.051500
0.051437
0.051312
0.051187
0.051000
0.051000
0.050875
0.050750
0.050625
0.050625
0.050437
0.050375
0.050313
0.050187
0.050062
0.050000
0.049812
0.049812
0.049688
0.049625
0.049500
0.049437
0.049375
0.049187
0.049063
0.049000
0.049000
0.048750
0.048687
0.048687
0.048562
0.048437
0.048312
0.048187
0.048187
0.048125
0.048000
0.047875
0.047812
0.047750
0.047625
0.047562
0.047500
0.047375
0.047313
0.047250
0.047250
0.047188
0.047188
0.047188
0.047188
0.047125
0.047062
0.046875
0.046813
0.046813
0.046750
0.046625
0.046500
0.046437
0.046375
0.046312
0.046188
0.046125
0.046062
0.046000
0.045938
0.045812
0.045687
0.045750
0.045562
0.045437
0.045375
0.045250
0.045187
0.045187
0.045062
0.045000
0.044937
0.044875
0.044750
0.044625
0.044562
0.044562
0.044437
0.044312
0.044250
0.044063
0.044063
0.044000
0.043875
0.043750
0.043750
0.043625
0.043563
0.043500
0.043438
0.043312
0.043312
0.043187
0.043063
0.043000
0.042875
0.042875
0.042813
0.042687
0.042625
0.042562
0.042500
0.042500
0.042312
0.042312
0.042250
0.042250
0.042062
0.042000
0.041937
0.041875
0.041750
0.041750
0.041687
0.041625
0.041563
0.041500
0.041312
0.041312
0.041250
0.041125
0.041062
0.041062
0.040937
0.040937
0.041000
0.040937
0.040937
0.040875
0.040812
0.040750
0.040687
0.040687
0.040563
0.040500
0.040500
0.040437
0.040313
0.040250
0.040250
0.040062
0.040062
0.040000
0.039937
0.039875
0.039875
0.039812
0.039687
0.039625
0.039562
0.039500
0.039437
0.039375
0.039313
0.039250
0.039187
0.039187
0.039063
0.039000
0.038937
0.038812
0.038750
0.038750
0.038750
0.038625
0.038562
0.038500
0.038437
0.038312
0.038250
0.038125
0.038125
0.038063
0.038063
0.037937
0.037875
0.037813
0.037687
0.037687
0.037625
0.037562
0.037562
0.037500
0.037500
0.037312
0.037250
0.037250
0.037188
0.037188
0.037125
0.037000
0.036937
0.036875
0.036875
0.036812
0.036750
0.036812
0.036750
0.036687
0.036625
0.036562
0.036500
0.036500
0.036375
0.036312
0.036250
0.036188
0.036125
0.036125
0.036063
0.036125
0.036063
0.036063
0.036125
0.035937
0.035937
0.035875
0.035813
0.035813
0.035750
0.035687
0.035687
0.035625
0.035625
0.035625
0.035625
0.035562
0.035500
0.035500
0.035500
0.035500
0.035625
0.035562
0.035562
0.035562
0.035562
0.035500
0.035562
0.035500
0.035562
0.035562
0.035562
0.035500
0.035500
0.035437
0.035437
0.035437
0.035375
0.035250
0.035188
0.035250
0.035062
0.035000
0.034938
0.034875
0.034812
0.034875
0.034875
0.034750
0.034687
0.034687
0.034625
0.034687
0.034750
0.034875
0.034938
0.034938
0.034938
0.035000
0.035125
0.035250
0.035437
0.035437
0.035562
0.035750
0.035813
0.035937
0.035937
0.036063
0.036188
0.036375
0.036625
0.036750
0.036875
0.037000
0.037000
0.037063
0.037063
0.037188
0.037312
0.037375
0.037625
0.037562
0.037500
0.037375
0.037312
0.037375
0.037375
0.037375
0.037375
0.037437
0.037250
0.037188
0.037188
0.037125
0.037125
0.037125
0.037000
0.036750
0.036562
0.036562
0.036500
0.036438
0.036438
0.036375
0.036312
0.036188
0.036188
0.036000
0.035937
0.035937
0.035937
0.035937
0.036000
0.036125
0.036312
0.036438
0.036562
0.036625
0.036687
0.036687
0.036812
0.036875
0.036937
0.037063
0.037125
0.037125
0.037188
0.037312
0.037312
0.037375
0.037437
0.037437
0.037562
0.037500
0.037625
0.037625
0.037562
0.037500
0.037312
0.037188
0.036937
0.036875
0.036812
0.036750
0.036375
0.036250
0.036125
0.035750
0.035687
0.035687
0.035813
0.035875
0.035937
0.036125
0.036438
0.036687
0.036875
0.037063
0.037188
0.037188
0.037188
0.037312
0.037188
0.037188
0.037312
0.037250
0.037250
0.037250
0.037312
0.037375
0.037437
0.037437
0.037375
0.037312
0.037250
0.037188
0.037250
0.037312
0.037250
0.037250
0.037188
0.037063
0.037125
0.037125
0.036875
0.036812
0.036625
0.036250
0.036125
0.036000
0.035875
0.035687
0.035500
0.035500
0.035250
0.034938
0.034625
0.034187
0.034000
0.034000
0.033937
0.033937
0.033875
0.033875
0.033750
0.033750
0.033750
0.033625
0.033562
0.033500
0.033375
0.033313
0.033187
0.033062
0.032875
0.032750
0.032625
0.032562
0.032687
0.032750
0.032750
0.032687
0.032625
0.032500
0.032250
0.032187
0.032250
0.032250
0.032125
0.032063
0.032125
0.032375
0.032437
0.032313
0.031625
0.031500
0.031625
0.031750
0.031812
0.031937
0.031750
0.031500
0.031375
0.031250
0.030938
0.030750
0.030625
0.030500
0.030250
0.030125
0.030000
0.029938
0.029938
0.029875
0.030000
0.029938
0.030062
0.030125
0.030375
0.030437
0.030500
0.030437
0.030250
0.030062
0.029875
0.029812
0.029875
0.030188
0.030500
0.030562
0.030750
0.030875
0.030875
0.030875
0.030813
0.030687
0.030813
0.030938
0.031000
0.031000
0.031062
0.030750
0.030687
0.030562
0.030437
0.030188
0.030062
0.029938
0.029687
0.029625
0.029437
0.029125
0.029000
0.028875
0.028687
0.028562
0.028437
0.028375
0.028250
0.028125
0.028000
0.027750
0.027625
0.027625
0.027437
0.027375
0.027312
0.027250
0.027125
0.027125
0.027125
0.027000
0.027000
0.027000
0.026937
0.026812
0.026750
0.026750
0.026625
0.026563
0.026500
0.026438
0.026375
0.026375
0.026312
0.026312
0.026250
0.026250
0.026250
0.026187
0.026187
0.026187
0.026187
0.026125
0.026125
0.026062
0.025937
0.026000
0.026000
0.026062
0.026000
0.026000
0.026000
0.026000
0.026000
0.025937
0.025937
0.025937
0.025937
0.025937
0.025875
0.025875
0.026000
0.026000
0.025937
0.025875
0.025812
0.025875
0.025812
0.025750
0.025687
0.025625
0.025562
0.025500
0.025437
0.025500
0.025500
0.025500
0.025437
0.025437
0.025437
0.025375
0.025375
0.025312
0.025312
0.025312
0.025312
0.025312
0.025250
0.025187
0.025125
0.025062
0.025000
0.025000
0.024937
0.024937
0.024937
0.024875
0.024812
0.024812
0.024750
0.024750
0.024688
0.024688
0.024625
0.024688
0.024688
0.024625
0.024625
0.024563
0.024500
0.024563
0.024500
0.024437
0.024437
0.024437
0.024437
0.024437
0.024375
0.024312
0.024312
0.024250
0.024250
0.024250
0.024187
0.024187
0.024125
0.024125
0.024187
0.024125
0.024125
0.024125
0.024125
0.024062
0.024125
0.024062
0.024062
0.024062
0.024062
0.024000
0.024000
0.024000
0.024000
0.024000
0.024000
0.024000
0.023937
0.024000
0.023875
0.023812
0.023875
0.023812
0.023688
0.023750
0.023750
0.023688
0.023688
0.023625
0.023625
0.023625
0.023562
0.023562
0.023500
0.023562
0.023500
0.023500
0.023500
0.023500
0.023437
0.023375
0.023375
0.023375
0.023375
0.023313
0.023313
0.023313
0.023313
0.023313
0.023250
0.023187
0.023250
0.023187
0.023187
0.023187
0.023187
0.023187
0.023125
0.023125
0.023125
0.023062
0.023000
0.023000
0.023000
0.023000
0.023000
0.023000
0.023000
0.023000
0.023000
0.023000
0.022937
0.022937
0.022875
0.023000
0.022937
0.023000
0.022937
0.022875
0.022937
0.022937
0.022937
0.022937
0.022937
0.023062
0.023000
0.023000
0.023062
0.023000
0.023062
0.023125
0.023187
0.023187
0.023187
0.023313
0.023375
0.023437
0.023625
0.023812
0.023812
0.024062
0.024125
0.024187
0.024187
0.024250
0.024312
0.024312
0.024375
0.024437
0.024500
0.024625
0.024688
0.024688
0.024750
0.024750
0.024812
0.024750
0.024875
0.024875
0.024937
0.025125
0.025187
0.025312
0.025312
0.025562
0.025687
0.025750
0.025937
0.026000
0.026000
0.025937
0.025937
0.025937
0.025875
0.025937
0.025875
0.025875
0.025875
0.025875
0.025875
0.025875
0.025937
0.025937
0.026000
0.026125
0.026062
0.026062
0.026062
0.026062
0.026062
0.026125
0.026187
0.026250
0.026312
0.026438
0.026563
0.026563
0.026687
0.026750
0.026812
0.026812
0.026812
0.026875
0.026812
0.026812
0.026750
0.026812
0.026687
0.026750
0.026750
0.026750
0.026687
0.026687
0.026625
0.026500
0.026375
0.026438
0.026563
0.026625
0.026625
0.026625
0.026563
0.026500
0.026438
0.026438
0.026438
0.026250
0.026250
0.026250
0.026250
0.026312
0.026250
0.026375
0.026312
0.026312
0.026375
0.026375
0.026312
0.026438
0.026438
0.026438
0.026500
0.026438
0.026500
0.026500
0.026563
0.026625
0.026625
0.026687
0.026750
0.026812
0.027000
0.027000
0.027000
0.027125
0.027188
0.027250
0.027250
0.027375
0.027500
0.027500
0.027625
0.027750
0.027750
0.028062
0.028312
0.028562
0.028812
0.029437
0.029812
0.030188
0.031062
0.031562
0.032000
0.033125
0.033750
0.034250
0.034750
0.035875
0.036500
0.037063
0.038125
0.038562
0.039000
0.039937
0.040437
0.040750
0.041062
0.041813
0.042250
0.042813
0.043312
0.043625
0.044000
0.044312
0.044813
0.044750
0.044437
0.043500
0.042813
0.041937
0.040062
0.039125
0.038125
0.037125
0.034938
0.034000
0.033125
0.031625
0.030875
0.030250
0.029000
0.028500
0.028312
0.028125
0.027688
0.027500
0.027250
0.026812
0.026625
0.026438
0.025875
0.025687
0.025375
0.025250
0.025000
0.024875
0.024812
0.024750
0.024750
0.024750
0.024688
0.024688
0.024688
0.024688
0.024625
0.024500
0.024500
0.024437
0.024437
0.024437
0.024500
0.024500
0.024500
0.024375
0.024250
0.024250
0.024187
0.024187
0.024125
0.024062
0.024125
0.024125
0.024187
0.024125
0.024062
0.024000
0.024000
0.023875
0.023750
0.023750
0.023812
0.023812
0.023812
0.023875
0.023875
0.023875
0.023750
0.023625
0.023437
0.023313
0.023187
0.023062
0.022937
0.022875
0.022875
0.022937
0.022937
0.023062
0.023062
0.023187
0.023250
0.023250
0.023250
0.023187
0.023062
0.022937
0.022813
0.022688
0.022625
0.022375
0.022750
0.022375
0.023375
0.023625
0.023187
0.022813
0.022375
0.021687
0.021625
0.025437
0.022125
0.022062
0.022750
0.022875
0.023125
0.023125
0.022875
0.022875
0.023250
0.023313
0.023562
0.023062
0.023000
0.023125
0.023125
0.023125
0.023000
0.022875
0.022813
0.022937
0.023000
0.022875
0.022750
0.022813
0.023437
0.023000
0.023187
0.023250
0.023437
0.023500
0.023562
0.023375
0.023250
0.023250
0.023062
0.023000
0.023062
0.023062
0.023375
0.023187
0.023313
0.023375
0.023500
0.023500
0.023625
0.023625
0.023688
0.023688
0.023750
0.023750
0.023812
0.023937
0.024000
0.024000
0.024062
0.024000
0.024000
0.024062
0.024125
0.024125
0.024125
0.024000
0.023937
0.023875
0.023750
0.023625
0.023562
0.023688
0.023625
0.023562
0.023625
0.023750
0.023688
0.023625
0.023562
0.023625
0.023562
0.023625
0.023625
0.023625
0.023437
0.023437
0.023375
0.023375
0.023313
0.023250
0.023125
0.023125
0.023062
0.022937
0.022875
0.022875
0.022688
0.022500
0.022500
0.022688
0.022688
0.022625
0.022437
0.022688
0.022625
0.022500
0.022437
0.022437
0.022625
0.022562
0.022625
0.022625
0.022750
0.022813
0.022750
0.022750
0.022750
0.022813
0.022875
0.022875
0.022875
0.022875
0.022875
0.022875
0.022937
0.022688
0.022937
0.022750
0.022937
0.023125
0.023187
0.022750
0.022875
0.023125
0.023688
0.023750
0.023062
0.023000
0.023062
0.022875
0.022875
0.022937
0.023125
0.022875
0.022813
0.023062
0.022813
0.022875
0.023125
0.022875
0.022875
0.023000
0.023062
0.023125
0.023250
0.023187
0.023062
0.023062
0.023125
0.023125
0.023187
0.023187
0.023125
0.023062
0.023062
0.023062
0.023187
0.023187
0.023250
0.023313
0.023250
0.023187
0.023250
0.023250
0.023250
0.023250
0.023313
0.023375
0.023375
0.023375
0.023313
0.023313
0.023375
0.023437
0.023437
0.02350
