0.042937
0.042500
0.042500
0.042375
0.042312
0.042125
0.042062
0.041937
0.041875
0.041813
0.041750
0.041750
0.041687
0.041750
0.041937
0.042312
0.043812
0.044813
0.046000
0.047437
0.050313
0.051937
0.053688
0.057875
0.060312
0.062750
0.068000
0.070750
0.073500
0.076063
0.080563
0.082500
0.084375
0.086813
0.087562
0.087938
0.087938
0.087500
0.086875
0.086187
0.085062
0.084563
0.084125
0.083375
0.083000
0.082687
0.082313
0.081750
0.081562
0.081250
0.080812
0.080625
0.080437
0.079938
0.079812
0.079562
0.079375
0.079000
0.078875
0.078687
0.078312
0.078063
0.078000
0.077688
0.077562
0.077500
0.077375
0.077750
0.078875
0.080375
0.084437
0.086437
0.088500
0.093125
0.095875
0.098875
0.102312
0.109563
0.113125
0.116625
0.123062
0.126125
0.129188
0.135063
0.137812
0.140000
0.142188
0.144938
0.145875
0.146563
0.146750
0.146563
0.146125
0.144625
0.143563
0.142500
0.141563
0.140062
0.139375
0.138813
0.137688
0.137375
0.136750
0.136250
0.135688
0.135063
0.134688
0.133875
0.133625
0.133313
0.132563
0.132313
0.132063
0.131813
0.131438
0.131250
0.131125
0.130938
0.130688
0.130563
0.130250
0.130063
0.129875
0.129750
0.130125
0.131062
0.132938
0.139500
0.144187
0.149500
0.159938
0.165188
0.170375
0.176000
0.188000
0.193875
0.200063
0.211688
0.216875
0.221438
0.228500
0.231000
0.232313
0.232562
0.231625
0.230438
0.229000
0.225063
0.223250
0.221625
0.218938
0.217750
0.216875
0.215937
0.214125
0.213375
0.212750
0.211375
0.210750
0.210063
0.209500
0.208375
0.207813
0.207250
0.206188
0.205625
0.205250
0.204375
0.203938
0.203500
0.203125
0.202312
0.201875
0.201500
0.200813
0.200375
0.200000
0.199312
0.198938
0.198813
0.199125
0.202438
0.205750
0.210125
0.222125
0.229063
0.236438
0.251000
0.258438
0.266062
0.273563
0.289000
0.296375
0.303813
0.316938
0.321938
0.326125
0.331813
0.333375
0.333500
0.332813
0.330063
0.328125
0.325875
0.320938
0.318938
0.317250
0.314500
0.313250
0.312313
0.311188
0.309375
0.308438
0.307563
0.306188
0.305500
0.304938
0.304563
0.304062
0.303875
0.303750
0.303437
0.303250
0.303000
0.302312
0.301813
0.301375
0.301000
0.300188
0.299813
0.299313
0.298438
0.298187
0.298500
0.302438
0.306750
0.312500
0.319563
0.335938
0.344250
0.351938
0.367563
0.375250
0.382812
0.397625
0.404562
0.410125
0.414938
0.423125
0.425750
0.427625
0.428688
0.428250
0.427188
0.423813
0.421375
0.418875
0.416625
0.413250
0.411813
0.410500
0.408312
0.407313
0.406312
0.404625
0.403688
0.402937
0.402188
0.400625
0.399938
0.399375
0.398125
0.397500
0.396750
0.396125
0.394875
0.394437
0.393938
0.393125
0.392688
0.392062
0.391313
0.390750
0.390313
0.389875
0.389000
0.388625
0.388187
0.387313
0.387000
0.386563
0.385812
0.385625
0.386188
0.388000
0.396750
0.403250
0.410500
0.426750
0.435250
0.444188
0.463125
0.472813
0.482313
0.491063
0.509063
0.517187
0.525312
0.538813
0.543375
0.546750
0.550375
0.551125
0.551312
0.550812
0.547875
0.545500
0.543312
0.540062
0.538687
0.537750
0.535875
0.535062
0.534250
0.533375
0.531687
0.530812
0.530000
0.528312
0.527562
0.526750
0.525937
0.524312
0.523500
0.522687
0.520875
0.519875
0.519125
0.517500
0.516750
0.516125
0.515562
0.514437
0.513937
0.513375
0.512438
0.511875
0.511500
0.511063
0.512312
0.515437
0.520500
0.536000
0.545500
0.555750
0.577062
0.587188
0.597312
0.616000
0.624562
0.632937
0.640562
0.653625
0.658250
0.661875
0.667250
0.669062
0.669875
0.669625
0.668500
0.666625
0.664000
0.659000
0.657000
0.655312
0.652250
0.650875
0.649562
0.647375
0.646312
0.645375
0.644375
0.642500
0.641687
0.640875
0.639125
0.638313
0.637500
0.636687
0.635375
0.634875
0.634625
0.634125
0.634250
0.634500
0.634812
0.635125
0.635312
0.635562
0.635812
0.635625
0.635375
0.634625
0.634063
0.633625
0.632750
0.632375
0.632062
0.632000
0.636563
0.641875
0.648750
0.666250
0.675937
0.685687
0.705812
0.715500
0.725125
0.734312
0.751812
0.760250
0.768125
0.781000
0.787437
0.793187
0.802188
0.805250
0.807250
0.808750
0.809000
0.808000
0.806250
0.800625
0.798062
0.795937
0.792500
0.790812
0.789375
0.787938
0.785312
0.783937
0.782687
0.780500
0.779500
0.778437
0.777562
0.775687
0.774812
0.773937
0.772187
0.771438
0.770750
0.769375
0.768687
0.767875
0.767250
0.765875
0.765312
0.764687
0.763562
0.762937
0.762375
0.761250
0.760687
0.760250
0.759938
0.763187
0.767625
0.773687
0.790062
0.800062
0.810625
0.832375
0.842875
0.853250
0.863125
0.881625
0.891062
0.899562
0.916000
0.923125
0.929625
0.941375
0.946250
0.950062
0.952750
0.955187
0.955062
0.953875
0.948563
0.945250
0.942687
0.938375
0.936500
0.934687
0.933125
0.930125
0.928812
0.927500
0.925125
0.924000
0.922875
0.921750
0.919625
0.918562
0.917750
0.916000
0.915062
0.914125
0.912500
0.911687
0.910937
0.910250
0.908875
0.908125
0.907437
0.906062
0.905375
0.904750
0.903562
0.903000
0.902313
0.901750
0.900625
0.900125
0.899625
0.900750
0.904063
0.909437
0.925187
0.934937
0.945687
0.957500
0.981437
0.993437
1.004938
1.026875
1.037688
1.048250
1.066875
1.074563
1.080937
1.086000
1.093062
1.095188
1.096312
1.095937
1.094500
1.092062
1.086063
1.083688
1.081562
1.079563
1.076000
1.074312
1.072687
1.069687
1.068187
1.067000
1.065750
1.063375
1.062250
1.061187
1.059125
1.058187
1.057312
1.055562
1.054437
1.053500
1.052500
1.050938
1.050187
1.049562
1.048187
1.047438
1.046687
1.045313
1.044687
1.044125
1.043437
1.042250
1.041625
1.041188
1.040063
1.039562
1.039125
1.041375
1.045313
1.051187
1.059000
1.078875
1.090312
1.102125
1.125937
1.137812
1.149625
1.171625
1.181750
1.191437
1.199937
1.212500
1.216875
1.219937
1.222375
1.222312
1.221250
1.216125
1.212813
1.210125
1.207813
1.203812
1.202000
1.200312
1.197250
1.195812
1.194375
1.193063
1.190438
1.189312
1.188187
1.185875
1.184687
1.183625
1.181750
1.180750
1.179750
1.178875
1.177125
1.176250
1.175437
1.174000
1.173437
1.172875
1.171813
1.171312
1.170688
1.170063
1.168625
1.167875
1.167125
1.165625
1.165000
1.164375
1.163125
1.162625
1.162125
1.161562
1.160625
1.160125
1.159812
1.159188
1.160187
1.162500
1.171250
1.177500
1.184875
1.193250
1.211812
1.221312
1.230437
1.248625
1.257375
1.265375
1.278813
1.284500
1.289375
1.293875
1.303437
1.307937
1.311687
1.316375
1.317312
1.317250
1.316313
1.311437
1.308938
1.306875
1.303063
1.301437
1.299875
1.296750
1.295312
1.293812
1.292312
1.289687
1.288375
1.287250
1.285063
1.284000
1.283000
1.281062
1.280125
1.279250
1.278437
1.276875
1.276062
1.275250
1.273875
1.273250
1.272562
1.271312
1.270687
1.270062
1.269562
1.268312
1.267688
1.267000
1.265750
1.265125
1.264500
1.263375
1.262875
1.262375
1.262000
1.261062
1.260625
1.260187
1.259187
1.258750
1.258250
1.257250
1.256750
1.256312
1.255813
1.254875
1.254500
1.254125
1.253375
1.253000
1.252500
1.252125
1.251375
1.251062
1.250625
1.249750
1.249312
1.248813
1.247812
1.247500
1.247187
1.246875
1.246187
1.245875
1.245563
1.244875
1.244500
1.244187
1.243500
1.243125
1.242812
1.242437
1.241875
1.241562
1.241312
1.240625
1.240250
1.239938
1.239500
1.239125
1.238875
1.238562
1.237812
1.237500
1.237187
1.236500
1.236312
1.236063
1.235437
1.235188
1.234938
1.234687
1.234125
1.233937
1.233625
1.233125
1.232813
1.232563
1.232062
1.231812
1.231500
1.231312
1.230687
1.230500
1.230188
1.229562
1.229313
1.229063
1.228812
1.228375
1.228187
1.227937
1.227437
1.227187
1.226875
1.226375
1.226250
1.225937
1.225750
1.225375
1.225125
1.224812
1.224437
1.224187
1.224062
1.223812
1.223812
1.223875
1.223812
1.223500
1.223312
1.223062
1.222563
1.222375
1.222125
1.221500
1.221250
1.221063
1.220875
1.220438
1.220250
1.220000
1.219625
1.219500
1.219187
1.218875
1.218625
1.218375
1.218187
1.217750
1.217375
1.217312
1.216875
1.216750
1.216500
1.216187
1.216000
1.215812
1.215562
1.215250
1.214937
1.214750
1.214313
1.214062
1.213875
1.213688
1.213312
1.213063
1.212875
1.212375
1.212125
1.211938
1.211625
1.211437
1.211187
1.210937
1.210562
1.210375
1.210188
1.209812
1.209563
1.209313
1.208812
1.208500
1.208250
1.208063
1.207625
1.207437
1.207188
1.206625
1.206313
1.205937
1.205312
1.205062
1.204687
1.204375
1.203812
1.203500
1.203125
1.202437
1.202188
1.201875
1.201187
1.200875
1.200562
1.200187
1.199437
1.199125
1.198750
1.197937
1.197562
1.197125
1.196375
1.196062
1.195625
1.195312
1.194563
1.194125
1.193688
1.192937
1.192625
1.192188
1.191812
1.191250
1.191000
1.190688
1.190187
1.189937
1.189625
1.188750
1.188250
1.187750
1.187250
1.186313
1.185750
1.185250
1.184250
1.183812
1.183313
1.182375
1.181937
1.181563
1.181187
1.180312
1.179750
1.179312
1.178250
1.177750
1.177187
1.176312
1.175812
1.175375
1.174937
1.174062
1.173625
1.173187
1.172250
1.171813
1.171312
1.170437
1.170063
1.169562
1.169062
1.168250
1.167750
1.167312
1.166437
1.165875
1.165437
1.164562
1.164125
1.163687
1.163250
1.162250
1.161937
1.161500
1.160750
1.160375
1.160063
1.159625
1.158750
1.158313
1.157938
1.157063
1.156750
1.156250
1.155437
1.155125
1.154750
1.154312
1.153563
1.153125
1.152750
1.151875
1.151500
1.151125
1.150187
1.149812
1.149312
1.148937
1.148187
1.147812
1.147437
1.146625
1.146188
1.145812
1.145125
1.144812
1.144375
1.144000
1.143062
1.142688
1.142313
1.141875
1.141562
1.141500
1.141062
1.140750
1.140375
1.139937
1.139187
1.138750
1.138375
1.137625
1.137125
1.136687
1.135812
1.135313
1.134938
1.134688
1.133937
1.133562
1.133188
1.132313
1.131937
1.131562
1.131188
1.130312
1.129875
1.129500
1.128625
1.128312
1.127938
1.127313
1.126875
1.126500
1.126125
1.125250
1.124938
1.124562
1.123750
1.123375
1.122937
1.122250
1.121875
1.121500
1.121125
1.120375
1.120062
1.119688
1.118937
1.118562
1.118188
1.117500
1.117187
1.116812
1.116438
1.115687
1.115375
1.115000
1.114250
1.113875
1.113500
1.112687
1.112375
1.111937
1.111562
1.110875
1.110562
1.110125
1.109375
1.109063
1.108750
1.108062
1.107687
1.107250
1.106938
1.106187
1.105875
1.105562
1.104938
1.104562
1.104125
1.103750
1.103062
1.102750
1.102437
1.101625
1.101250
1.100937
1.100062
1.099812
1.099563
1.099250
1.098812
1.098688
1.098438
1.098000
1.097687
1.097500
1.096750
1.096312
1.095813
1.095375
1.094437
1.094000
1.093562
1.092813
1.092437
1.092062
1.091437
1.091125
1.090750
1.090438
1.089687
1.089313
1.089000
1.088063
1.087687
1.087250
1.086625
1.086187
1.085937
1.085562
1.085000
1.084625
1.084250
1.083625
1.083437
1.083187
1.082500
1.082125
1.081812
1.081437
1.080687
1.080375
1.080000
1.079312
1.079000
1.078688
1.078125
1.077750
1.077437
1.077062
1.076250
1.075875
1.075312
1.074625
1.074250
1.074000
1.073750
1.073187
1.072813
1.072562
1.072000
1.071750
1.071500
1.070937
1.070625
1.070312
1.069937
1.069187
1.068875
1.068500
1.067750
1.067312
1.066875
1.066062
1.065625
1.065250
1.064875
1.064000
1.063625
1.063187
1.062375
1.061937
1.061563
1.061000
1.060750
1.060437
1.060375
1.060000
1.059937
1.059750
1.059437
1.059250
1.058938
1.058125
1.057687
1.057188
1.056813
1.055938
1.055437
1.055063
1.054312
1.054000
1.053625
1.053063
1.052688
1.052500
1.052125
1.051563
1.051187
1.050875
1.050000
1.049625
1.049188
1.048875
1.048313
1.048062
1.047812
1.047250
1.046875
1.046375
1.045562
1.045125
1.044812
1.044625
1.044250
1.044000
1.043687
1.043000
1.042688
1.042312
1.041813
1.041437
1.041188
1.040812
1.040125
1.039687
1.039250
1.038563
1.038187
1.037875
1.037125
1.036687
1.036375
1.035938
1.035125
1.034687
1.034312
1.033687
1.033313
1.033000
1.032375
1.032063
1.031750
1.031500
1.030875
1.030562
1.030250
1.029562
1.029312
1.029062
1.028437
1.028000
1.027688
1.027375
1.026750
1.026625
1.026437
1.026188
1.026125
1.026062
1.026000
1.025875
1.025812
1.025625
1.025125
1.024812
1.024375
1.023500
1.023125
1.022812
1.022500
1.021875
1.021562
1.021250
1.020687
1.020437
1.020125
1.019562
1.019375
1.019000
1.018687
1.017750
1.017313
1.016812
1.016188
1.015875
1.015625
1.015125
1.014875
1.014562
1.014375
1.013937
1.013687
1.013437
1.012875
1.012562
1.012250
1.011687
1.011312
1.011062
1.010687
1.010000
1.009625
1.009375
1.008813
1.008500
1.008062
1.007500
1.007187
1.006812
1.006438
1.005875
1.005563
1.005312
1.004688
1.004375
1.004063
1.003750
1.003062
1.002812
1.002500
1.001812
1.001562
1.001250
1.000750
1.000375
1.000062
0.999750
0.999062
0.998687
0.998500
0.997875
0.997562
0.997250
0.996562
0.996375
0.996125
0.995938
0.995500
0.995438
0.995312
0.995187
0.995062
0.995000
0.994750
0.994563
0.994187
0.993812
0.993000
0.992562
0.992250
0.991500
0.991125
0.990812
0.990250
0.989937
0.989688
0.989437
0.988750
0.988562
0.988187
0.987500
0.987187
0.986750
0.986063
0.985812
0.985500
0.985250
0.984750
0.984438
0.984125
0.983500
0.983250
0.982938
0.982562
0.982000
0.981750
0.981437
0.980812
0.980500
0.980187
0.979500
0.979125
0.978750
0.978437
0.977750
0.977500
0.977250
0.976688
0.976375
0.976125
0.975562
0.975250
0.974938
0.974750
0.974187
0.973812
0.973563
0.973000
0.972687
0.972250
0.971687
0.971375
0.971187
0.970937
0.970438
0.970125
0.969937
0.969437
0.969187
0.969000
0.968437
0.968187
0.967938
0.967625
0.967125
0.967000
0.966750
0.966312
0.966125
0.966062
0.965937
0.966062
0.966062
0.966062
0.965687
0.965500
0.965125
0.964375
0.963937
0.963625
0.963250
0.962687
0.962375
0.962125
0.961625
0.961437
0.961187
0.960750
0.960562
0.960250
0.960062
0.959562
0.959250
0.959000
0.958312
0.958000
0.957750
0.957375
0.957125
0.956937
0.956750
0.956625
0.956500
0.956437
0.956312
0.956188
0.956125
0.955813
0.955562
0.955250
0.955062
0.954500
0.954250
0.954000
0.953437
0.953188
0.953000
0.952437
0.952187
0.951937
0.951688
0.951187
0.950875
0.950625
0.950125
0.949938
0.949562
0.949125
0.948750
0.948437
0.948187
0.947562
0.947250
0.946937
0.946375
0.946125
0.945938
0.945687
0.945063
0.944812
0.944437
0.944000
0.943750
0.943625
0.943250
0.943000
0.942750
0.942500
0.942125
0.941875
0.941687
0.941187
0.940937
0.940750
0.940437
0.940375
0.940500
0.940500
0.940812
0.940750
0.940750
0.940437
0.940250
0.939875
0.939188
0.938750
0.938375
0.938000
0.937437
0.937187
0.937000
0.936500
0.936250
0.936000
0.935625
0.935500
0.935250
0.934937
0.934313
0.934000
0.933687
0.933062
0.932750
0.932562
0.932063
0.931750
0.931562
0.931437
0.930937
0.930687
0.930375
0.929813
0.929438
0.929187
0.928938
0.928437
0.928187
0.928000
0.927375
0.927062
0.926750
0.926313
0.926187
0.925875
0.925687
0.925062
0.924687
0.924375
0.923937
0.923688
0.923437
0.923062
0.922750
0.922500
0.922250
0.921625
0.921500
0.921250
0.920687
0.920438
0.920125
0.919563
0.919187
0.919000
0.918688
0.918250
0.917938
0.917625
0.917000
0.916812
0.916500
0.915937
0.915625
0.915375
0.915000
0.914437
0.914125
0.913875
0.913313
0.913000
0.912687
0.912187
0.912000
0.911687
0.911375
0.910812
0.910625
0.910437
0.910437
0.910437
0.910500
0.910562
0.910500
0.910375
0.910187
0.909437
0.909000
0.908437
0.907563
0.907188
0.906875
0.906562
0.906000
0.905813
0.905625
0.905187
0.904813
0.904500
0.903750
0.903437
0.903125
0.902812
0.902188
0.901875
0.901500
0.900875
0.900500
0.900375
0.899938
0.899750
0.899375
0.899125
0.898312
0.898062
0.897688
0.897125
0.896813
0.896500
0.895875
0.895500
0.895125
0.894812
0.894125
0.893875
0.893562
0.892875
0.892625
0.892250
0.891687
0.891375
0.891062
0.890812
0.890062
0.889687
0.889312
0.888625
0.888438
0.888000
0.887750
0.887062
0.886750
0.886312
0.885625
0.885312
0.885000
0.884500
0.884187
0.883812
0.883500
0.882812
0.882437
0.882125
0.881562
0.881250
0.880937
0.880187
0.879813
0.879500
0.879125
0.878500
0.878187
0.877875
0.877125
0.876813
0.876562
0.876062
0.875812
0.875562
0.875312
0.875125
0.875063
0.875250
0.875437
0.875437
0.875250
0.874750
0.874312
0.873875
0.873375
0.872250
0.871750
0.871250
0.870438
0.870125
0.869812
0.869313
0.869062
0.868812
0.868688
0.868000
0.867750
0.867375
0.866438
0.865937
0.865500
0.865125
0.864562
0.864313
0.864125
0.863562
0.863250
0.862938
0.862250
0.861937
0.861562
0.861188
0.860562
0.860313
0.860000
0.859500
0.859125
0.858750
0.858000
0.857750
0.857437
0.857188
0.856562
0.856312
0.855937
0.855313
0.854937
0.854625
0.854000
0.853625
0.853312
0.853063
0.852437
0.852188
0.851937
0.851313
0.851062
0.850750
0.850187
0.849875
0.849563
0.849250
0.848625
0.848250
0.848000
0.847375
0.847125
0.846750
0.846125
0.845812
0.845563
0.845250
0.844688
0.844437
0.844125
0.843562
0.843187
0.842812
0.842562
0.842125
0.841875
0.841687
0.841563
0.841500
0.841563
0.841812
0.841937
0.841812
0.841687
0.841125
0.840687
0.840187
0.839125
0.838625
0.838125
0.837312
0.836937
0.836750
0.836437
0.836000
0.835750
0.835562
0.835000
0.834625
0.834250
0.833312
0.832938
0.832563
0.832187
0.831625
0.831437
0.831188
0.830687
0.830437
0.830250
0.829562
0.829375
0.829000
0.828812
0.828125
0.827812
0.827500
0.826937
0.826688
0.826437
0.825750
0.825500
0.825187
0.824938
0.824437
0.824125
0.823812
0.823312
0.823125
0.822875
0.822688
0.822125
0.821813
0.821562
0.821062
0.820750
0.820500
0.820000
0.819812
0.819500
0.819312
0.818875
0.818625
0.818375
0.817875
0.817625
0.817438
0.817000
0.816687
0.816500
0.816250
0.815687
0.815500
0.815312
0.814812
0.814562
0.814375
0.814000
0.813813
0.813813
0.813937
0.814313
0.814500
0.814687
0.814937
0.814937
0.814812
0.814375
0.814062
0.813625
0.813187
0.812250
0.811750
0.811312
0.810625
0.810375
0.810250
0.809937
0.809750
0.809562
0.809250
0.808563
0.808250
0.807875
0.807312
0.806937
0.806750
0.806625
0.806375
0.806250
0.806125
0.805687
0.805437
0.805187
0.804562
0.804375
0.804187
0.804000
0.803500
0.803312
0.803063
0.802562
0.802312
0.802062
0.801562
0.801250
0.801062
0.800812
0.800438
0.800250
0.800000
0.799562
0.799375
0.799187
0.798875
0.798750
0.798500
0.798312
0.797875
0.797687
0.797437
0.797062
0.796875
0.796625
0.796312
0.796187
0.795937
0.795687
0.795250
0.795062
0.794875
0.794500
0.794312
0.794062
0.793562
0.793375
0.793250
0.793125
0.793000
0.793062
0.793125
0.793500
0.793812
0.794000
0.794250
0.794500
0.794563
0.794500
0.794125
0.793875
0.793562
0.792625
0.792187
0.791687
0.791250
0.790437
0.790125
0.789875
0.789312
0.789125
0.788937
0.788375
0.788063
0.787687
0.787312
0.786687
0.786375
0.786188
0.785750
0.785562
0.785438
0.785000
0.784812
0.784625
0.784375
0.783875
0.783562
0.783375
0.782938
0.782625
0.782375
0.781812
0.781562
0.781312
0.781062
0.780562
0.780375
0.780187
0.779750
0.779562
0.779312
0.778938
0.778750
0.778562
0.778500
0.778250
0.778063
0.777875
0.777562
0.777375
0.777250
0.777125
0.776875
0.776688
0.776500
0.776000
0.775750
0.775500
0.775125
0.774938
0.774812
0.774750
0.774500
0.774312
0.774125
0.773812
0.773562
0.773375
0.773000
0.772750
0.772500
0.772438
0.772250
0.772125
0.772187
0.772500
0.772812
0.773125
0.773937
0.774187
0.774437
0.774688
0.774875
0.774750
0.774625
0.774063
0.773687
0.773312
0.772375
0.772000
0.771563
0.771250
0.770688
0.770437
0.770125
0.769562
0.769250
0.768812
0.768000
0.767625
0.767125
0.766625
0.766000
0.765875
0.765687
0.765437
0.765187
0.765062
0.764937
0.764500
0.764312
0.764125
0.763625
0.763313
0.763125
0.762687
0.762500
0.762312
0.762125
0.761563
0.761250
0.761125
0.760625
0.760437
0.760125
0.759750
0.759562
0.759375
0.759125
0.758687
0.758562
0.758438
0.758062
0.757875
0.757625
0.757187
0.757000
0.756750
0.756562
0.756125
0.755938
0.755687
0.755312
0.755125
0.754875
0.754562
0.754375
0.754125
0.754000
0.753562
0.753313
0.753062
0.752687
0.752437
0.752187
0.751812
0.751625
0.751375
0.751250
0.750812
0.750562
0.750375
0.749937
0.749687
0.749500
0.749187
0.748812
0.748812
0.748750
0.749125
0.749500
0.749875
0.750625
0.751000
0.751312
0.751562
0.751812
0.751812
0.751562
0.750937
0.750562
0.750125
0.749125
0.748625
0.748250
0.747750
0.746937
0.746625
0.746312
0.745687
0.745375
0.745000
0.744062
0.743562
0.743187
0.742750
0.742375
0.742187
0.742125
0.741875
0.741812
0.741625
0.741250
0.741000
0.740750
0.740562
0.740062
0.739812
0.739562
0.739062
0.738750
0.738500
0.738062
0.737875
0.737625
0.737375
0.736812
0.736625
0.736375
0.735937
0.735687
0.735500
0.735312
0.735000
0.734812
0.734625
0.734187
0.734000
0.733812
0.733437
0.733187
0.732938
0.732687
0.732250
0.732063
0.731937
0.731500
0.731250
0.731062
0.730562
0.730437
0.730187
0.730062
0.729625
0.729500
0.729250
0.728812
0.728562
0.728437
0.728063
0.727813
0.727687
0.727562
0.727188
0.726937
0.726625
0.726187
0.726062
0.725937
0.726062
0.726375
0.726687
0.727125
0.728000
0.728375
0.728688
0.729187
0.729312
0.729312
0.728875
0.728562
0.728250
0.727813
0.726937
0.726562
0.726062
0.725312
0.724937
0.724563
0.724250
0.723562
0.723250
0.722875
0.722000
0.721500
0.721000
0.720062
0.719687
0.719500
0.719250
0.718937
0.718750
0.718750
0.718437
0.718250
0.718000
0.717562
0.717375
0.717125
0.716875
0.716438
0.716125
0.715937
0.715437
0.715187
0.714937
0.714500
0.714188
0.713937
0.713625
0.713187
0.713000
0.712875
0.712500
0.712312
0.712062
0.711625
0.711437
0.711250
0.711062
0.710688
0.710500
0.710250
0.709813
0.709500
0.709250
0.708812
0.708687
0.708500
0.708312
0.707937
0.707750
0.707500
0.707062
0.706875
0.706687
0.706500
0.706125
0.705812
0.705687
0.705187
0.705000
0.704750
0.704437
0.704187
0.704000
0.703812
0.703437
0.703250
0.703062
0.702625
0.702375
0.702125
0.701688
0.701500
0.701250
0.701062
0.700625
0.700375
0.700250
0.699875
0.699750
0.699687
0.699938
0.700187
0.700500
0.701000
0.701812
0.702187
0.702562
0.703000
0.703187
0.703125
0.702625
0.702250
0.701875
0.701375
0.700437
0.699938
0.699437
0.698625
0.698187
0.697812
0.697125
0.696813
0.696437
0.696000
0.695125
0.694625
0.694188
0.693375
0.693062
0.692750
0.692500
0.692187
0.692062
0.692062
0.691875
0.691750
0.691500
0.690937
0.690687
0.690500
0.690250
0.689687
0.689437
0.689188
0.688687
0.688312
0.688062
0.687437
0.687187
0.686937
0.686625
0.686125
0.685875
0.685687
0.685437
0.685250
0.685125
0.684687
0.684500
0.684313
0.684187
0.683750
0.683562
0.683312
0.682875
0.682625
0.682500
0.682125
0.681875
0.681687
0.681500
0.681000
0.680812
0.680562
0.680125
0.679937
0.679750
0.679312
0.679062
0.678875
0.678688
0.678375
0.678062
0.677813
0.677375
0.677125
0.676938
0.676562
0.676375
0.676125
0.675875
0.675375
0.675250
0.675125
0.675188
0.675437
0.675687
0.676063
0.676938
0.677437
0.677937
0.678688
0.678875
0.679000
0.678937
0.678688
0.678312
0.677813
0.677000
0.676500
0.676125
0.675312
0.675000
0.674625
0.674062
0.673687
0.673437
0.673000
0.672125
0.671625
0.671125
0.670000
0.669625
0.669187
0.668562
0.668312
0.668062
0.667875
0.667687
0.667500
0.667375
0.667187
0.666937
0.666812
0.666188
0.666062
0.665750
0.665500
0.665062
0.664875
0.664688
0.664250
0.664000
0.663750
0.663125
0.662812
0.662625
0.662437
0.661875
0.661687
0.661437
0.660937
0.660812
0.660625
0.660312
0.659937
0.659750
0.659500
0.659000
0.658750
0.658562
0.658062
0.657875
0.657687
0.657500
0.657125
0.656937
0.656625
0.656250
0.656000
0.655812
0.655375
0.655125
0.654937
0.654750
0.654375
0.654187
0.653875
0.653437
0.653187
0.653000
0.652500
0.652312
0.652250
0.652062
0.652062
0.652250
0.652500
0.653437
0.653938
0.654375
0.655375
0.655812
0.656250
0.656437
0.656562
0.656437
0.656125
0.655312
0.654937
0.654500
0.653812
0.653500
0.653187
0.652875
0.652250
0.651937
0.651688
0.650937
0.650500
0.650062
0.649562
0.648437
0.647812
0.647438
0.646625
0.646375
0.646062
0.645625
0.645375
0.645187
0.645000
0.644750
0.644500
0.644312
0.643875
0.643625
0.643375
0.642937
0.642687
0.642500
0.642250
0.641875
0.641625
0.641437
0.640937
0.640687
0.640375
0.639875
0.639687
0.639437
0.639312
0.638875
0.638687
0.638500
0.638125
0.637812
0.637687
0.637375
0.637250
0.637000
0.636750
0.636250
0.636125
0.635937
0.635500
0.635375
0.635188
0.634812
0.634625
0.634375
0.634187
0.633750
0.633625
0.633438
0.633062
0.632875
0.632687
0.632500
0.632687
0.632937
0.633312
0.634313
0.634875
0.635562
0.636687
0.637187
0.637562
0.637750
0.637500
0.637125
0.636875
0.636187
0.635812
0.635500
0.634938
0.634625
0.634375
0.634125
0.633625
0.633312
0.633000
0.632187
0.631688
0.631125
0.630125
0.629625
0.629125
0.628687
0.627875
0.627500
0.627250
0.626750
0.626562
0.626375
0.626000
0.625750
0.625562
0.625312
0.624875
0.624625
0.624312
0.623812
0.623563
0.623312
0.622750
0.622437
0.622187
0.621937
0.621437
0.621187
0.620938
0.620562
0.620312
0.620187
0.620000
0.619563
0.619313
0.619125
0.618688
0.618500
0.618312
0.617937
0.617750
0.617625
0.617312
0.617000
0.616875
0.616750
0.616312
0.616000
0.615812
0.615375
0.615125
0.614875
0.614687
0.614250
0.614062
0.613750
0.613375
0.613250
0.613187
0.613500
0.613812
0.614313
0.614875
0.616063
0.616750
0.617312
0.618438
0.618625
0.618625
0.618062
0.617687
0.617375
0.617000
0.616437
0.616188
0.615937
0.615437
0.615188
0.615000
0.614562
0.614250
0.613937
0.613563
0.612625
0.612125
0.611562
0.610562
0.610062
0.609625
0.609125
0.608312
0.608000
0.607687
0.607375
0.607312
0.607187
0.606750
0.606437
0.606125
0.605875
0.605250
0.605000
0.604687
0.604062
0.603750
0.603437
0.602937
0.602813
0.602625
0.602437
0.602000
0.601812
0.601687
0.601375
0.601313
0.601125
0.600875
0.600812
0.600687
0.600563
0.600438
0.600312
0.600250
0.599750
0.599500
0.599250
0.598750
0.598625
0.598375
0.598250
0.597812
0.597687
0.597500
0.597063
0.596875
0.596687
0.596312
0.596062
0.595750
0.595562
0.595062
0.594812
0.594562
0.594187
0.594000
0.593875
0.593812
0.594187
0.594687
0.595312
0.596750
0.597500
0.598250
0.599437
0.599812
0.599812
0.599625
0.599125
0.598875
0.598562
0.598000
0.597812
0.597562
0.597125
0.596937
0.596687
0.596562
0.596000
0.595812
0.595375
0.594687
0.594187
0.593750
0.593062
0.592625
0.592313
0.592000
0.591375
0.591062
0.590875
0.590312
0.590125
0.589812
0.589312
0.589062
0.588687
0.588437
0.587875
0.587562
0.587250
0.586687
0.586375
0.586125
0.585500
0.585187
0.584875
0.584500
0.583812
0.583562
0.583312
0.582875
0.582625
0.582437
0.582187
0.581750
0.581562
0.581375
0.580937
0.580750
0.580500
0.580062
0.579875
0.579687
0.579500
0.579062
0.578875
0.578687
0.578187
0.577937
0.577750
0.577375
0.577187
0.576937
0.576625
0.576000
0.575875
0.575687
0.575437
0.575500
0.575625
0.576312
0.576875
0.577437
0.578187
0.579625
0.580250
0.580625
0.580750
0.580625
0.580437
0.580125
0.579937
0.579813
0.579687
0.579250
0.579062
0.578875
0.578562
0.578375
0.578250
0.577750
0.577437
0.577125
0.576688
0.575813
0.575375
0.575000
0.574375
0.574000
0.573750
0.573437
0.572812
0.572562
0.572250
0.571750
0.571437
0.571187
0.570562
0.570250
0.569812
0.569375
0.568750
0.568438
0.568062
0.567375
0.567062
0.566625
0.565875
0.565437
0.565062
0.564750
0.564188
0.563875
0.563625
0.563187
0.562937
0.562750
0.562312
0.562125
0.562062
0.561875
0.561562
0.561437
0.561312
0.561063
0.560937
0.560750
0.560375
0.560188
0.560000
0.559812
0.559500
0.559375
0.559250
0.558812
0.558687
0.558500
0.558000
0.557812
0.557562
0.557312
0.556813
0.556625
0.556500
0.556125
0.556000
0.556125
0.556312
0.557187
0.557875
0.558687
0.560375
0.561187
0.561875
0.562250
0.562187
0.562000
0.561937
0.561687
0.561562
0.561375
0.561063
0.560937
0.560812
0.560500
0.560375
0.560250
0.560062
0.559500
0.559187
0.558812
0.557938
0.557437
0.557125
0.556562
0.556437
0.556188
0.555938
0.555437
0.555187
0.554875
0.554250
0.553937
0.553625
0.552875
0.552500
0.552125
0.551687
0.551063
0.550625
0.550312
0.549562
0.549125
0.548563
0.547750
0.547250
0.546750
0.546312
0.545625
0.545375
0.545125
0.544563
0.544250
0.544000
0.543750
0.543187
0.542937
0.542687
0.542125
0.541937
0.541687
0.541188
0.541000
0.540750
0.540563
0.539937
0.539688
0.539500
0.539125
0.538937
0.538750
0.538500
0.538250
0.538063
0.537875
0.537375
0.537250
0.537063
0.536625
0.536437
0.536188
0.535687
0.535500
0.535312
0.535187
0.534812
0.534687
0.534687
0.534937
0.535312
0.535937
0.537500
0.538375
0.539250
0.540062
0.540750
0.540812
0.540750
0.540750
0.540687
0.540750
0.540750
0.540750
0.540750
0.540750
0.540625
0.540500
0.540437
0.540187
0.540125
0.539875
0.539688
0.538937
0.538562
0.538187
0.537500
0.537063
0.536812
0.536250
0.536062
0.535750
0.535500
0.534937
0.534750
0.534500
0.534062
0.533875
0.533625
0.533187
0.532938
0.532687
0.532375
0.531875
0.531562
0.531437
0.530937
0.530687
0.530375
0.529750
0.529437
0.529125
0.528812
0.528187
0.527812
0.527562
0.527125
0.526937
0.526625
0.526187
0.525875
0.525625
0.525437
0.525062
0.524875
0.524688
0.524250
0.524000
0.523875
0.523437
0.523250
0.523062
0.522875
0.522500
0.522375
0.522187
0.521812
0.521563
0.521375
0.521125
0.520750
0.520500
0.520312
0.519875
0.519750
0.519875
0.520563
0.521062
0.521812
0.522562
0.524250
0.525000
0.525437
0.525937
0.526062
0.526125
0.526312
0.526437
0.526562
0.526625
0.526562
0.526500
0.526375
0.526000
0.525813
0.525625
0.524938
0.524625
0.524375
0.524063
0.523125
0.522750
0.522187
0.521438
0.521000
0.520563
0.520000
0.519687
0.519437
0.519125
0.518562
0.518187
0.517937
0.517250
0.516875
0.516562
0.516000
0.515625
0.515250
0.514937
0.514312
0.514000
0.513750
0.513250
0.512937
0.512625
0.512312
0.511687
0.511437
0.511063
0.510437
0.510125
0.509812
0.509187
0.508875
0.508500
0.508312
0.507687
0.507375
0.507125
0.506375
0.506187
0.505938
0.505562
0.505312
0.505187
0.505000
0.504687
0.504437
0.504250
0.503937
0.503750
0.503500
0.503125
0.502937
0.502750
0.502562
0.502125
0.502000
0.501875
0.501437
0.501187
0.500937
0.500625
0.500375
0.500062
0.499688
0.499312
0.499187
0.499063
0.498688
0.498375
0.498312
0.498937
0.499437
0.500000
0.500687
0.502312
0.503250
0.503812
0.504437
0.504687
0.504812
0.504938
0.505063
0.505063
0.505000
0.504812
0.504687
0.504500
0.504188
0.504062
0.503812
0.503562
0.503062
0.502812
0.502375
0.501625
0.501125
0.500625
0.499750
0.499312
0.498937
0.498625
0.497938
0.497625
0.497250
0.496750
0.496500
0.496312
0.495875
0.495562
0.495375
0.495125
0.494563
0.494250
0.494000
0.493438
0.493125
0.492875
0.492313
0.492062
0.491812
0.491438
0.490813
0.490500
0.490188
0.489563
0.489250
0.488937
0.488438
0.488063
0.487812
0.487500
0.486937
0.486750
0.486500
0.485938
0.485625
0.485375
0.485063
0.484437
0.484188
0.483938
0.483375
0.483125
0.482938
0.482500
0.482250
0.482063
0.481875
0.481438
0.481125
0.480938
0.480500
0.480313
0.480125
0.479750
0.479562
0.479375
0.479062
0.478750
0.478500
0.478313
0.477937
0.477813
0.477813
0.478563
0.479125
0.479750
0.480563
0.482313
0.483000
0.483375
0.484063
0.484313
0.484500
0.484562
0.484500
0.484375
0.484250
0.483938
0.483750
0.483562
0.483188
0.482938
0.482687
0.482188
0.481875
0.481500
0.481062
0.480187
0.479688
0.479312
0.478500
0.478125
0.477688
0.477312
0.476750
0.476500
0.476250
0.475750
0.475500
0.475188
0.474688
0.474500
0.474187
0.474000
0.473437
0.473125
0.472875
0.472438
0.472187
0.471875
0.471188
0.470938
0.470562
0.470313
0.469750
0.469500
0.469188
0.468563
0.468187
0.467813
0.467313
0.467000
0.466750
0.466375
0.465750
0.465563
0.465313
0.464812
0.464625
0.464375
0.463750
0.463437
0.463063
0.462812
0.462375
0.462188
0.461937
0.461437
0.461125
0.460938
0.460438
0.460312
0.460125
0.459813
0.459375
0.459125
0.458875
0.458438
0.458188
0.457938
0.457687
0.457125
0.456875
0.456625
0.456438
0.456562
0.456875
0.458063
0.458812
0.459687
0.460500
0.461625
0.462063
0.462500
0.462875
0.462875
0.462812
0.462500
0.462438
0.462250
0.462125
0.461813
0.461687
0.461437
0.460938
0.460625
0.460312
0.459750
0.459437
0.459125
0.458625
0.457812
0.457500
0.457125
0.456562
0.456250
0.456000
0.455563
0.455250
0.455063
0.454875
0.454500
0.454188
0.453938
0.453437
0.453250
0.453000
0.452562
0.452312
0.452062
0.451813
0.451250
0.451000
0.450750
0.450312
0.450000
0.449688
0.449375
0.448750
0.448375
0.448062
0.447562
0.447313
0.447000
0.446500
0.446125
0.445812
0.445563
0.445000
0.444750
0.444500
0.443938
0.443688
0.443375
0.442875
0.442625
0.442438
0.442250
0.441812
0.441625
0.441375
0.440875
0.440688
0.440500
0.440062
0.439875
0.439625
0.439500
0.439000
0.438813
0.438500
0.438000
0.437812
0.437625
0.437188
0.436937
0.436687
0.436437
0.435937
0.435688
0.435500
0.435250
0.435438
0.435750
0.436750
0.437625
0.438437
0.439188
0.440000
0.440437
0.440688
0.440937
0.440937
0.440875
0.440688
0.440563
0.440437
0.440250
0.439875
0.439625
0.439438
0.438875
0.438687
0.438375
0.438063
0.437375
0.437063
0.436625
0.435812
0.435500
0.435250
0.434750
0.434500
0.434313
0.434125
0.433812
0.433625
0.433375
0.433000
0.432813
0.432563
0.432063
0.431875
0.431625
0.431375
0.430813
0.430563
0.430250
0.429750
0.429438
0.429188
0.428750
0.428500
0.428313
0.428063
0.427625
0.427375
0.427125
0.426750
0.426562
0.426313
0.425938
0.425687
0.425438
0.425188
0.424812
0.424625
0.424437
0.424000
0.423813
0.423563
0.423062
0.422812
0.422563
0.422187
0.421688
0.421438
0.421125
0.420688
0.420438
0.420250
0.420063
0.419563
0.419313
0.419062
0.418625
0.418375
0.418125
0.417875
0.418000
0.418250
0.418688
0.419813
0.420312
0.420812
0.421500
0.421625
0.421813
0.421813
0.421813
0.421688
0.421563
0.421438
0.421312
0.421125
0.420875
0.420688
0.420625
0.420187
0.420000
0.419750
0.419625
0.419000
0.418688
0.418375
0.417813
0.417563
0.417250
0.416750
0.416562
0.416375
0.416188
0.415813
0.415687
0.415500
0.415188
0.415000
0.414750
0.414438
0.414313
0.414063
0.413875
0.413500
0.413250
0.413063
0.412562
0.412375
0.412063
0.411813
0.411375
0.411125
0.410875
0.410438
0.410188
0.410000
0.409500
0.409250
0.409000
0.408812
0.408438
0.408250
0.408062
0.407563
0.407437
0.407250
0.406813
0.406562
0.406375
0.406125
0.405687
0.405437
0.405187
0.404813
0.404625
0.404438
0.404063
0.403875
0.403625
0.403375
0.403000
0.402750
0.402625
0.402250
0.402000
0.401750
0.401313
0.401250
0.401125
0.401187
0.401812
0.402312
0.402813
0.403875
0.404188
0.404562
0.404875
0.404875
0.404875
0.404875
0.404813
0.404750
0.404687
0.404375
0.404250
0.404000
0.403875
0.403437
0.403250
0.403125
0.402687
0.402438
0.402188
0.401625
0.401313
0.401063
0.400813
0.400250
0.400000
0.399750
0.399312
0.399125
0.398937
0.398563
0.398375
0.398187
0.398062
0.397625
0.397375
0.397063
0.396625
0.396375
0.396188
0.395875
0.395625
0.395375
0.395250
0.394688
0.394375
0.394188
0.393687
0.393500
0.393375
0.392875
0.392563
0.392313
0.392062
0.391625
0.391438
0.391188
0.390812
0.390625
0.390500
0.390000
0.389750
0.389562
0.389375
0.388875
0.388687
0.388375
0.387938
0.387688
0.387500
0.387250
0.386875
0.386625
0.386500
0.386063
0.385812
0.385563
0.385188
0.385000
0.384813
0.384625
0.384250
0.383938
0.383687
0.383188
0.383000
0.382875
0.383000
0.383312
0.383750
0.384250
0.385062
0.385437
0.385625
0.385938
0.385938
0.386000
0.385750
0.385625
0.385500
0.385375
0.385000
0.384875
0.384625
0.384438
0.384250
0.384125
0.383812
0.383687
0.383563
0.383375
0.382938
0.382688
0.382375
0.381813
0.381625
0.381375
0.380938
0.380750
0.380625
0.380375
0.379938
0.379750
0.379562
0.379188
0.379000
0.378813
0.378563
0.378062
0.377875
0.377625
0.377313
0.377187
0.377063
0.376750
0.376563
0.376375
0.376188
0.375813
0.375625
0.375500
0.375187
0.375062
0.374813
0.374438
0.374250
0.374063
0.373813
0.373375
0.373250
0.373062
0.372688
0.372563
0.372375
0.372063
0.371750
0.371500
0.371312
0.370875
0.370688
0.370563
0.370313
0.370125
0.369812
0.369375
0.369188
0.369000
0.368937
0.369188
0.369500
0.369750
0.370313
0.370563
0.370750
0.371000
0.371125
0.371125
0.371188
0.371188
0.371125
0.371062
0.370813
0.370625
0.370500
0.370438
0.370250
0.370187
0.370000
0.369563
0.369313
0.369063
0.368625
0.368375
0.368187
0.367938
0.367500
0.367375
0.367063
0.366688
0.366500
0.366375
0.366062
0.365937
0.365750
0.365625
0.365250
0.365062
0.364812
0.364563
0.364438
0.364250
0.363937
0.363687
0.363500
0.363188
0.362688
0.362437
0.362250
0.361688
0.361500
0.361375
0.361063
0.360750
0.360625
0.360375
0.359875
0.359750
0.359437
0.359125
0.358875
0.358625
0.358250
0.358063
0.357750
0.357500
0.357125
0.356938
0.356687
0.356313
0.356125
0.355938
0.355813
0.355375
0.355250
0.355063
0.354562
0.354375
0.354125
0.353750
0.353500
0.353250
0.353063
0.352750
0.352562
0.352375
0.352250
0.352250
0.352375
0.352875
0.353125
0.353312
0.353438
0.353938
0.354000
0.354125
0.354250
0.354063
0.353938
0.353563
0.353438
0.353312
0.353250
0.353000
0.352937
0.352875
0.352688
0.352562
0.352437
0.352062
0.351938
0.351750
0.351563
0.351125
0.351000
0.350688
0.350250
0.350062
0.349750
0.349437
0.349250
0.349063
0.348938
0.348688
0.348438
0.348250
0.347938
0.347688
0.347438
0.347250
0.346750
0.346500
0.346250
0.345500
0.345062
0.344687
0.344063
0.343688
0.343313
0.343000
0.342563
0.342438
0.342313
0.342188
0.342000
0.341812
0.341500
0.341250
0.341062
0.340813
0.340563
0.340438
0.340313
0.340125
0.339938
0.339812
0.339438
0.339188
0.339125
0.338937
0.338688
0.338562
0.338500
0.338187
0.338063
0.337875
0.337438
0.337250
0.337063
0.336750
0.336375
0.336250
0.336063
0.335938
0.335750
0.335687
0.335438
0.335250
0.335125
0.335063
0.335312
0.335625
0.336000
0.336625
0.336937
0.337250
0.337438
0.337563
0.337500
0.337375
0.337188
0.337063
0.336937
0.336812
0.336812
0.336625
0.336563
0.336188
0.335938
0.335750
0.335438
0.335250
0.335063
0.334500
0.334250
0.334000
0.333750
0.333188
0.333000
0.332625
0.331875
0.331438
0.331125
0.330500
0.330188
0.330000
0.329875
0.329625
0.329500
0.329500
0.329188
0.329000
0.328813
0.328312
0.328125
0.327875
0.327688
0.327312
0.327125
0.327000
0.326625
0.326437
0.326187
0.325875
0.325750
0.325625
0.325375
0.325125
0.324938
0.324750
0.324437
0.324313
0.324063
0.323875
0.323375
0.323188
0.322875
0.322438
0.322250
0.322062
0.321687
0.321563
0.321500
0.321500
0.321500
0.321375
0.321312
0.321187
0.321125
0.321125
0.321000
0.320875
0.320750
0.320438
0.320000
0.319687
0.319500
0.319125
0.319000
0.318875
0.318500
0.318375
0.318250
0.318063
0.317813
0.317625
0.317563
0.317625
0.317813
0.318125
0.318938
0.319438
0.319937
0.320375
0.321063
0.321250
0.321312
0.321312
0.321187
0.321063
0.320812
0.320688
0.320625
0.320563
0.320313
0.320250
0.320188
0.319937
0.319937
0.319875
0.319750
0.319500
0.319313
0.319000
0.318563
0.318313
0.318125
0.317750
0.317625
0.317500
0.317438
0.317375
0.317375
0.317250
0.316750
0.316500
0.316250
0.315813
0.315500
0.315313
0.315125
0.314625
0.314438
0.314188
0.313500
0.313250
0.313000
0.312562
0.312438
0.312250
0.312063
0.311625
0.311437
0.311250
0.310812
0.310562
0.310313
0.310125
0.309938
0.309687
0.309500
0.309000
0.308750
0.308500
0.308000
0.307813
0.307625
0.307250
0.307063
0.306875
0.306750
0.306437
0.306188
0.306000
0.305562
0.305250
0.305063
0.304813
0.304312
0.304062
0.303750
0.303250
0.302938
0.302625
0.302125
0.301813
0.301500
0.301187
0.300563
0.300312
0.300188
0.300188
0.300438
0.300688
0.301125
0.301313
0.301500
0.301625
0.301625
0.301625
0.301437
0.301125
0.300938
0.300813
0.300563
0.300500
0.300438
0.300312
0.299937
0.299813
0.299563
0.299188
0.299000
0.298813
0.298312
0.298063
0.297812
0.297750
0.297438
0.297375
0.297313
0.297188
0.297188
0.297125
0.297000
0.296875
0.296625
0.296438
0.296250
0.296000
0.295875
0.295750
0.295563
0.295375
0.295187
0.294937
0.294750
0.294625
0.294250
0.294062
0.293813
0.293500
0.293313
0.293125
0.292937
0.292625
0.292500
0.292375
0.292062
0.291938
0.291813
0.291500
0.291188
0.291000
0.290750
0.290375
0.290188
0.290000
0.289688
0.289562
0.289375
0.289125
0.289000
0.288812
0.288687
0.288187
0.288000
0.287812
0.287438
0.287250
0.287125
0.287063
0.287188
0.287375
0.287562
0.287938
0.288187
0.288375
0.288563
0.288500
0.288563
0.288375
0.288250
0.288063
0.288000
0.287875
0.287875
0.287688
0.287562
0.287438
0.287250
0.287125
0.286875
0.286813
0.286625
0.286250
0.286000
0.285812
0.285438
0.285250
0.285062
0.284938
0.284500
0.284375
0.284188
0.283875
0.283750
0.283688
0.283250
0.283125
0.283000
0.282875
0.282625
0.282625
0.282438
0.282000
0.281750
0.281500
0.281125
0.280875
0.280688
0.280562
0.280125
0.279813
0.279625
0.279250
0.279063
0.278938
0.278688
0.278437
0.278375
0.278188
0.277875
0.277750
0.277625
0.277312
0.277125
0.277000
0.276688
0.276500
0.276313
0.276125
0.275813
0.275687
0.275563
0.275250
0.275063
0.274938
0.274875
0.275000
0.275125
0.275375
0.275875
0.276062
0.276188
0.276437
0.276500
0.276625
0.276625
0.276563
0.276437
0.276313
0.276062
0.276000
0.275875
0.275687
0.275625
0.275438
0.275313
0.275000
0.274938
0.274750
0.274375
0.274188
0.273937
0.273375
0.273187
0.273000
0.272812
0.272500
0.272375
0.272187
0.272000
0.271813
0.271688
0.271438
0.271312
0.271188
0.271125
0.270875
0.270688
0.270500
0.270187
0.270000
0.269750
0.269375
0.269188
0.269000
0.268875
0.268625
0.268375
0.268187
0.267875
0.267625
0.267437
0.267250
0.266937
0.266750
0.266625
0.266250
0.266000
0.265750
0.265313
0.265125
0.264937
0.264812
0.264500
0.264313
0.264188
0.263875
0.263687
0.263500
0.263000
0.262750
0.262500
0.262375
0.262188
0.262063
0.261937
0.262000
0.262188
0.262375
0.262812
0.263000
0.263250
0.263375
0.263438
0.263375
0.263438
0.263313
0.263188
0.263063
0.262812
0.262688
0.262563
0.262438
0.262250
0.262188
0.262000
0.261687
0.261438
0.261250
0.260688
0.260437
0.260250
0.260000
0.259625
0.259375
0.259250
0.258812
0.258563
0.258312
0.258188
0.257875
0.257750
0.257562
0.257313
0.257063
0.256938
0.256500
0.256312
0.256125
0.256063
0.255875
0.255750
0.255563
0.255250
0.255063
0.254875
0.254500
0.254375
0.254188
0.254000
0.253688
0.253563
0.253375
0.253062
0.252938
0.252750
0.252438
0.252187
0.252063
0.251875
0.251563
0.251437
0.251125
0.250813
0.250688
0.250625
0.250375
0.250250
0.250125
0.250062
0.249688
0.249500
0.249313
0.249000
0.248813
0.248625
0.248312
0.248125
0.248063
0.248125
0.248500
0.248688
0.248938
0.249375
0.249500
0.249688
0.249750
0.249750
0.249813
0.249750
0.249500
0.249375
0.249187
0.248938
0.248813
0.248688
0.248563
0.248312
0.248250
0.248063
0.247688
0.247500
0.247312
0.246875
0.246688
0.246500
0.246187
0.245813
0.245625
0.245313
0.245000
0.244813
0.244625
0.244438
0.244250
0.244062
0.243813
0.243500
0.243375
0.243187
0.242938
0.242687
0.242500
0.242062
0.241812
0.241625
0.241500
0.241188
0.241000
0.240875
0.240500
0.240375
0.240250
0.240000
0.239812
0.239625
0.239375
0.238937
0.238750
0.238563
0.238188
0.238063
0.237875
0.237500
0.237313
0.237188
0.236937
0.236500
0.236250
0.236063
0.235750
0.235625
0.235500
0.235313
0.234938
0.234688
0.234500
0.234063
0.233812
0.233750
0.233562
0.233437
0.233500
0.233500
0.233750
0.233938
0.234125
0.234437
0.234500
0.234625
0.234563
0.234500
0.234375
0.234188
0.233938
0.233812
0.233688
0.233313
0.233188
0.233000
0.232750
0.232562
0.232438
0.232250
0.231813
0.231562
0.231313
0.230875
0.230687
0.230500
0.230125
0.229938
0.229688
0.229500
0.229188
0.229063
0.228875
0.228563
0.228375
0.228188
0.227875
0.227688
0.227562
0.227375
0.227000
0.226750
0.226500
0.226125
0.225938
0.225750
0.225563
0.225125
0.225000
0.224813
0.224437
0.224250
0.224000
0.223563
0.223438
0.223250
0.223063
0.222688
0.222563
0.222375
0.222125
0.221875
0.221688
0.221375
0.221250
0.221125
0.221000
0.220688
0.220563
0.220313
0.220000
0.219813
0.219688
0.219313
0.219187
0.219063
0.218938
0.218750
0.218688
0.218688
0.218938
0.219063
0.219187
0.219438
0.219500
0.219625
0.219563
0.219563
0.219438
0.219375
0.219000
0.218875
0.218812
0.218563
0.218438
0.218250
0.218125
0.217875
0.217625
0.217563
0.217125
0.216875
0.216688
0.216438
0.216000
0.215875
0.215688
0.215375
0.215313
0.215188
0.214875
0.214750
0.214625
0.214438
0.214250
0.214125
0.214000
0.213750
0.213500
0.213375
0.213063
0.212938
0.212688
0.212500
0.212063
0.211812
0.211688
0.211250
0.211063
0.210938
0.210625
0.210500
0.210313
0.210188
0.209750
0.209625
0.209438
0.209125
0.208875
0.208687
0.208438
0.208313
0.208125
0.207875
0.207563
0.207438
0.207250
0.206875
0.206687
0.206438
0.206000
0.205875
0.205750
0.205625
0.205375
0.205250
0.205188
0.205313
0.205437
0.205563
0.205750
0.206000
0.206063
0.206063
0.206000
0.206000
0.205938
0.205813
0.205625
0.205500
0.205375
0.205063
0.204938
0.204813
0.204437
0.204250
0.204188
0.203813
0.203625
0.203500
0.203250
0.202813
0.202562
0.202375
0.201938
0.201750
0.201625
0.201312
0.201188
0.201063
0.201000
0.200875
0.200813
0.200813
0.200563
0.200563
0.200375
0.200063
0.199875
0.199750
0.199500
0.199063
0.198938
0.198750
0.198250
0.198063
0.197875
0.197500
0.197250
0.197063
0.196875
0.196563
0.196375
0.196063
0.195750
0.195563
0.195438
0.195250
0.194938
0.194750
0.194563
0.194250
0.194063
0.193875
0.193500
0.193313
0.193063
0.192937
0.192687
0.192563
0.192438
0.192125
0.191938
0.191750
0.191438
0.191375
0.191250
0.191125
0.191000
0.191125
0.191125
0.191375
0.191500
0.191625
0.191750
0.191750
0.191688
0.191625
0.191313
0.191188
0.191000
0.190625
0.190438
0.190250
0.189875
0.189750
0.189500
0.189313
0.189063
0.188938
0.188875
0.188500
0.188250
0.188000
0.187500
0.187250
0.187125
0.187000
0.186813
0.186625
0.186563
0.186125
0.186063
0.185875
0.185750
0.185438
0.185312
0.185125
0.184750
0.184563
0.184437
0.184063
0.183875
0.183750
0.183563
0.183188
0.182938
0.182812
0.182500
0.182313
0.182188
0.181813
0.181688
0.181438
0.181188
0.180875
0.180750
0.180562
0.180187
0.180000
0.179813
0.179500
0.179313
0.179188
0.179063
0.178813
0.178625
0.178500
0.178188
0.178000
0.177875
0.177688
0.177500
0.177250
0.177062
0.176625
0.176437
0.176188
0.175875
0.175750
0.175625
0.175375
0.175250
0.175250
0.175313
0.175437
0.175500
0.175625
0.175688
0.175750
0.175750
0.175688
0.175375
0.175250
0.175125
0.174688
0.174563
0.174375
0.174063
0.173938
0.173750
0.173563
0.173187
0.173000
0.172813
0.172500
0.172375
0.172250
0.171937
0.171813
0.171688
0.171563
0.171312
0.171312
0.171250
0.171125
0.171000
0.171000
0.170813
0.170688
0.170563
0.170438
0.170313
0.170125
0.170063
0.169813
0.169687
0.169563
0.169313
0.169125
0.169062
0.168875
0.168688
0.168563
0.168438
0.168187
0.168062
0.167938
0.167688
0.167500
0.167313
0.167188
0.166750
0.166563
0.166375
0.166125
0.165938
0.165875
0.165750
0.165375
0.165125
0.164937
0.164562
0.164375
0.164188
0.163813
0.163625
0.163500
0.163313
0.162938
0.162688
0.162688
0.162500
0.162563
0.162563
0.162625
0.162563
0.162563
0.162563
0.162500
0.162563
0.162563
0.162625
0.162688
0.162625
0.162438
0.162188
0.161938
0.161750
0.161375
0.161250
0.161000
0.160688
0.160500
0.160438
0.160063
0.159875
0.159688
0.159563
0.159375
0.159313
0.159250
0.159125
0.159063
0.158938
0.158812
0.158625
0.158375
0.158250
0.157938
0.157750
0.157562
0.157250
0.157063
0.156875
0.156687
0.156312
0.156125
0.155875
0.155563
0.155375
0.155250
0.154938
0.154688
0.154500
0.154375
0.153938
0.153688
0.153563
0.153250
0.153063
0.152875
0.152562
0.152375
0.152250
0.152125
0.151813
0.151625
0.151438
0.151063
0.150938
0.150750
0.150500
0.150375
0.150188
0.150000
0.149625
0.149375
0.149125
0.148750
0.148625
0.148500
0.148500
0.148500
0.148625
0.148563
0.148563
0.148500
0.148375
0.148188
0.148063
0.147875
0.147500
0.147375
0.147313
0.147063
0.146687
0.146563
0.146438
0.146125
0.146000
0.145875
0.145812
0.145563
0.145313
0.145125
0.144688
0.144500
0.144313
0.143938
0.143750
0.143500
0.143313
0.142875
0.142750
0.142500
0.141937
0.141688
0.141438
0.140938
0.140813
0.140625
0.140500
0.140188
0.140000
0.139813
0.139438
0.139313
0.139125
0.138938
0.138813
0.138813
0.138688
0.138437
0.138313
0.138125
0.137812
0.137688
0.137500
0.137188
0.137000
0.136750
0.136625
0.136313
0.136125
0.136000
0.135625
0.135375
0.135250
0.134938
0.134813
0.134688
0.134563
0.134375
0.134250
0.134125
0.133938
0.133813
0.133750
0.133563
0.133250
0.133000
0.132875
0.132438
0.132188
0.132063
0.131938
0.131938
0.131938
0.131938
0.131875
0.131875
0.131750
0.131563
0.131500
0.131375
0.131125
0.130875
0.130688
0.130437
0.130125
0.129938
0.129750
0.129375
0.129188
0.128938
0.128438
0.128250
0.128000
0.127750
0.127313
0.127063
0.126813
0.126312
0.126125
0.126000
0.125563
0.125437
0.125250
0.125063
0.124750
0.124563
0.124312
0.123938
0.123625
0.123375
0.122812
0.122438
0.122125
0.121875
0.121312
0.121063
0.120750
0.120250
0.120125
0.119875
0.119687
0.119125
0.118937
0.118625
0.118125
0.117875
0.117688
0.117250
0.117000
0.116812
0.116625
0.116250
0.116062
0.115875
0.115500
0.115250
0.115000
0.114500
0.114250
0.114063
0.113875
0.113500
0.113312
0.113188
0.112937
0.112750
0.112563
0.112125
0.112000
0.111812
0.111687
0.111375
0.111250
0.111062
0.110812
0.110625
0.110438
0.110187
0.110063
0.110063
0.110000
0.109938
0.109938
0.109938
0.109750
0.109687
0.109500
0.109125
0.108938
0.108687
0.108438
0.108125
0.108000
0.107813
0.107500
0.107250
0.107125
0.106937
0.106562
0.106437
0.106250
0.105875
0.105625
0.105438
0.105062
0.104875
0.104750
0.104562
0.104188
0.104062
0.103875
0.103562
0.103437
0.103250
0.102875
0.102625
0.102562
0.102375
0.102000
0.101875
0.101688
0.101437
0.101313
0.101125
0.100750
0.100625
0.100437
0.100250
0.099812
0.099687
0.099437
0.099188
0.099063
0.098875
0.098500
0.098312
0.098187
0.098000
0.097687
0.097562
0.097438
0.097125
0.097062
0.096813
0.096625
0.096375
0.096312
0.096188
0.095937
0.095750
0.095625
0.095312
0.095187
0.095000
0.094875
0.094562
0.094312
0.094188
0.093875
0.093750
0.093625
0.093250
0.093125
0.093062
0.093062
0.093000
0.093062
0.093062
0.093062
0.092938
0.092813
0.092625
0.092437
0.092312
0.092250
0.092000
0.091813
0.091688
0.091375
0.091188
0.091063
0.090812
0.090687
0.090563
0.090438
0.090250
0.090062
0.089937
0.089687
0.089500
0.089313
0.089000
0.088937
0.088812
0.088750
0.088375
0.088250
0.088063
0.087875
0.087687
0.087625
0.087312
0.087187
0.087000
0.086937
0.086625
0.086500
0.086312
0.086062
0.085937
0.085750
0.085625
0.085312
0.085125
0.085062
0.084688
0.084563
0.084437
0.084250
0.084125
0.083938
0.083812
0.083563
0.083375
0.083250
0.083063
0.082875
0.082812
0.082438
0.082313
0.082188
0.082062
0.081813
0.081625
0.081437
0.081250
0.081063
0.080937
0.080625
0.080437
0.080375
0.080187
0.079938
0.079812
0.079688
0.079375
0.079313
0.079187
0.078938
0.078875
0.078750
0.078625
0.078562
0.078500
0.078500
0.078312
0.078187
0.078063
0.077813
0.077750
0.077625
0.077562
0.077312
0.077188
0.077062
0.076687
0.076563
0.076375
0.076063
0.075875
0.075687
0.075625
0.075313
0.075187
0.075000
0.074688
0.074562
0.074437
0.074312
0.074062
0.073937
0.073812
0.073500
0.073437
0.073187
0.072938
0.072812
0.072687
0.072562
0.072312
0.072187
0.072000
0.071750
0.071563
0.071438
0.071125
0.071000
0.070875
0.070750
0.070437
0.070250
0.070125
0.069813
0.069750
0.069625
0.069375
0.069375
0.069187
0.069063
0.068750
0.068562
0.068375
0.068187
0.068062
0.067937
0.067687
0.067500
0.067438
0.067313
0.067000
0.066812
0.066750
0.066500
0.066375
0.066250
0.065875
0.065812
0.065812
0.065625
0.065375
0.065250
0.065187
0.064938
0.064875
0.064750
0.064750
0.064750
0.064687
0.064625
0.064500
0.064500
0.064375
0.064250
0.064187
0.064063
0.064000
0.063750
0.063688
0.063562
0.063250
0.063188
0.063000
0.062750
0.062687
0.062562
0.062375
0.062125
0.062000
0.061813
0.061375
0.061250
0.061062
0.060687
0.060562
0.060500
0.060312
0.060000
0.059875
0.059750
0.059437
0.059250
0.059125
0.058938
0.058812
0.058687
0.058625
0.058375
0.058187
0.058125
0.057937
0.057813
0.057750
0.057500
0.057375
0.057187
0.057062
0.056875
0.056750
0.056625
0.056312
0.056250
0.056125
0.056000
0.055750
0.055625
0.055500
0.055187
0.055125
0.054938
0.054688
0.054500
0.054437
0.054312
0.054000
0.053875
0.053750
0.053438
0.053312
0.053187
0.052937
0.052875
0.052750
0.052562
0.052437
0.052312
0.052187
0.052062
0.051937
0.051875
0.051688
0.051563
0.051500
0.051312
0.051125
0.051000
0.050875
0.050625
0.050500
0.050375
0.050125
0.050000
0.049938
0.049812
0.049625
0.049437
0.049375
0.049187
0.049063
0.049000
0.048687
0.048562
0.048437
0.048312
0.048062
0.047938
0.047875
0.047688
0.047562
0.047437
0.047375
0.047188
0.047062
0.047000
0.046750
0.046687
0.046563
0.046437
0.046312
0.046188
0.046062
0.045875
0.045812
0.045750
0.045500
0.045375
0.045313
0.045125
0.045062
0.044875
0.044813
0.044625
0.044562
0.044437
0.044312
0.044187
0.044063
0.044000
0.043875
0.043812
0.043750
0.043563
0.043500
0.043438
0.043250
0.043187
0.043125
0.042875
0.042813
0.042750
0.042625
0.042500
0.042375
0.042250
0.042125
0.042062
0.042000
0.041813
0.041813
0.041750
0.041687
0.041687
0.041625
0.041563
0.041437
0.041375
0.041250
0.041187
0.041062
0.040937
0.040875
0.040750
0.040687
0.040563
0.040563
0.040437
0.040375
0.040250
0.040125
0.040062
0.040000
0.039812
0.039750
0.039687
0.039562
0.039437
0.039500
0.039313
0.039250
0.039187
0.039063
0.039000
0.038875
0.038875
0.038688
0.038625
0.038562
0.038500
0.038375
0.038312
0.038250
0.038125
0.038063
0.037937
0.037875
0.037813
0.037687
0.037625
0.037562
0.037437
0.037375
0.037188
0.037188
0.037125
0.037000
0.036937
0.036875
0.036750
0.036250
0.036687
0.036562
0.036438
0.036438
0.036375
0.036312
0.036188
0.036188
0.036063
0.035937
0.035875
0.035813
0.035750
0.035625
0.035625
0.035500
0.035375
0.035375
0.035312
0.035250
0.035188
0.035188
0.035062
0.035062
0.035000
0.035000
0.034938
0.034938
0.034875
0.034750
0.034687
0.034625
0.034500
0.034500
0.034437
0.034437
0.034312
0.034250
0.034187
0.034125
0.034125
0.034000
0.033875
0.033875
0.033812
0.033750
0.033687
0.033625
0.033562
0.033500
0.033438
0.033438
0.033313
0.033313
0.033250
0.033187
0.033125
0.033062
0.033062
0.032938
0.032875
0.032812
0.032812
0.032625
0.032625
0.032562
0.032437
0.032375
0.032375
0.032250
0.032250
0.032187
0.032125
0.032063
0.032000
0.032000
0.031875
0.031875
0.031750
0.031750
0.031625
0.031625
0.031688
0.031625
0.031562
0.031500
0.031500
0.031437
0.031437
0.031312
0.031250
0.031250
0.031187
0.031000
0.031000
0.030938
0.030875
0.030813
0.030813
0.030687
0.030625
0.030625
0.030625
0.030562
0.030500
0.030437
0.030375
0.030375
0.030375
0.030313
0.030313
0.030313
0.030188
0.030188
0.030125
0.030188
0.030062
0.030062
0.030062
0.030062
0.029938
0.029875
0.029875
0.029812
0.029687
0.029687
0.029625
0.029562
0.029562
0.029562
0.029437
0.029375
0.029375
0.029313
0.029250
0.029250
0.029188
0.029188
0.029188
0.029125
0.029062
0.029062
0.029000
0.028937
0.028875
0.028812
0.028687
0.028687
0.028687
0.028562
0.028562
0.028500
0.028437
0.028312
0.028312
0.028312
0.028250
0.028250
0.028250
0.028187
0.028062
0.028062
0.028000
0.027937
0.027937
0.027875
0.027875
0.027813
0.027750
0.027750
0.027688
0.027688
0.027562
0.027562
0.027562
0.027500
0.027437
0.027312
0.027312
0.027250
0.027312
0.027250
0.027188
0.027125
0.027125
0.027063
0.027063
0.027000
0.027000
0.027000
0.026937
0.026875
0.026812
0.026812
0.026812
0.026750
0.026750
0.026687
0.026687
0.026687
0.026750
0.026750
0.026687
0.026687
0.026625
0.026625
0.026625
0.026500
0.026500
0.026500
0.026438
0.026438
0.026375
0.026312
0.026250
0.026250
0.026187
0.026250
0.026250
0.026187
0.026125
0.026187
0.026125
0.026062
0.026000
0.026000
0.026000
0.025937
0.025937
0.025937
0.025812
0.025812
0.025812
0.025750
0.025687
0.025625
0.025625
0.025562
0.025500
0.025562
0.025437
0.025437
0.025437
0.025437
0.025375
0.025312
0.025312
0.025250
0.025312
0.025250
0.025187
0.025125
0.025187
0.025125
0.025125
0.025000
0.025000
0.024937
0.024937
0.024875
0.024875
0.024875
0.024875
0.024812
0.024812
0.024750
0.024750
0.024688
0.024688
0.024625
0.024688
0.024563
0.024625
0.024625
0.024625
0.024563
0.024563
0.024437
0.024437
0.024437
0.024500
0.024437
0.024500
0.024437
0.024437
0.024437
0.024375
0.024312
0.024437
0.024375
0.024375
0.024250
0.024250
0.024250
0.024250
0.024187
0.024187
0.024125
0.024125
0.024062
0.024062
0.024000
0.024062
0.024000
0.023937
0.023937
0.023937
0.023875
0.023812
0.023875
0.023812
0.023750
0.023812
0.023750
0.023688
0.023688
0.023688
0.023625
0.023688
0.023688
0.023625
0.023625
0.023562
0.023625
0.023500
0.023500
0.023437
0.023500
0.023500
0.023437
0.023500
0.023437
0.023375
0.023375
0.023375
0.023375
0.023313
0.023375
0.023375
0.023313
0.023313
0.023313
0.023313
0.023250
0.023313
0.023313
0.023313
0.023250
0.023250
0.023250
0.023187
0.023125
0.023187
0.023187
0.023125
0.023062
0.023125
0.023125
0.023187
0.023250
0.023187
0.023250
0.023250
0.023250
0.023250
0.023313
0.023313
0.023313
0.023250
0.023250
0.023250
0.023187
0.023250
0.023187
0.023187
0.023187
0.023187
0.023125
0.023062
0.023062
0.023062
0.023062
0.023062
0.023000
0.022937
0.023000
0.022937
0.022937
0.022937
0.022937
0.022875
0.022875
0.022813
0.022813
0.022813
0.022750
0.022750
0.022688
0.022750
0.022750
0.022688
0.022688
0.022625
0.022625
0.022625
0.022562
0.022562
0.022562
0.022562
0.022500
0.022562
0.022500
0.022500
0.022562
0.022500
0.022500
0.022437
0.022375
0.022375
0.022312
0.022250
0.022312
0.022250
0.022312
0.022312
0.022250
0.022312
0.022312
0.022312
0.022312
0.022312
0.022375
0.022375
0.022312
0.022312
0.022375
0.022375
0.022312
0.022375
0.022375
0.022375
0.022437
0.022500
0.022437
0.022500
0.022562
0.022562
0.022625
0.022625
0.022688
0.022688
0.022688
0.022688
0.022688
0.022750
0.022813
0.022750
0.022813
0.022813
0.022813
0.022875
0.022813
0.022875
0.022875
0.022937
0.022875
0.022875
0.022937
0.022875
0.022937
0.022937
0.022937
0.022937
0.022937
0.023000
0.023062
0.023000
0.023062
0.023000
0.023000
0.023000
0.023062
0.023000
0.023062
0.023062
0.023000
0.023062
0.023062
0.023062
0.023062
0.023062
0.023062
0.023062
0.023062
0.023062
0.023125
0.023125
0.023125
0.023187
0.023125
0.023125
0.023187
0.023187
0.023187
0.023187
0.023125
0.023187
0.023187
0.023125
0.023187
0.023250
0.023187
0.023250
0.023250
0.023250
0.023250
0.023250
0.023250
0.023313
0.023313
0.023313
0.023375
0.023313
0.023313
0.023313
0.023375
0.023375
0.023437
0.023375
0.023500
0.023500
0.023562
0.023562
0.023625
0.023625
0.023625
0.023625
0.023625
0.023625
0.023688
0.023688
0.023688
0.023750
0.023688
0.023688
0.023688
0.023750
0.023750
0.023750
0.023750
0.023750
0.023750
0.023688
0.023688
0.023750
0.023688
0.023750
0.023750
0.023688
0.023750
0.023750
0.023688
0.023750
0.023750
0.023750
0.023750
0.023812
0.023750
0.023750
0.023750
0.023812
0.023812
0.023812
0.023812
0.023812
0.023750
0.023750
0.023812
0.023750
0.023750
0.023750
0.023750
0.023812
0.023812
0.023812
0.023812
0.023812
0.023812
0.023750
0.023812
0.023875
0.023875
0.023937
0.023937
0.023937
0.024000
0.024000
0.024000
0.024000
0.024000
0.024062
0.024062
0.024125
0.024062
0.024125
0.024125
0.024125
0.024125
0.024250
0.024250
0.024250
0.024250
0.024312
0.024375
0.024375
0.024375
0.024437
0.024500
0.024563
0.024500
0.024563
0.024625
0.024625
0.024625
0.024625
0.024625
0.024688
0.024688
0.024688
0.024688
0.024750
0.024875
0.024937
0.024875
0.024937
0.025000
0.025125
0.025250
0.025187
0.025500
0.025375
0.025375
0.025437
0.025437
0.025437
0.025562
0.025562
0.025500
0.025625
0.025562
0.025562
0.025562
0.025562
0.025625
0.025687
0.025562
0.025687
0.025687
0.025687
0.025687
0.025687
0.025687
0.025687
0.025687
0.025625
0.025625
0.025750
0.025687
0.025687
0.025812
0.025750
0.025750
0.025812
0.025812
0.025875
0.025875
0.025875
0.025875
0.025875
0.025937
0.025937
0.025937
0.025937
0.025937
0.026000
0.026062
0.026062
0.026125
0.026187
0.026187
0.026187
0.026250
0.026312
0.026438
0.026438
0.026500
0.026563
0.026625
0.026625
0.026625
0.026625
0.026625
0.026563
0.026625
0.026625
0.026563
0.026687
0.026687
0.026687
0.026750
0.026812
0.026937
0.026937
0.027188
0.027312
0.027375
0.027562
0.027688
0.027813
0.027875
0.028000
0.028062
0.028187
0.028312
0.028375
0.028500
0.028625
0.028625
0.028875
0.028875
0.029062
0.029125
0.029188
0.029125
0.029125
0.029062
0.028750
0.028625
0.028562
0.028500
0.028375
0.028437
0.028375
0.028500
0.028562
0.028500
0.028375
0.028250
0.028250
0.028187
0.028125
0.028125
0.028062
0.028125
0.028187
0.028187
0.028250
0.028500
0.028687
0.028812
0.029125
0.029188
0.029188
0.029375
0.029188
0.029062
0.028812
0.028812
0.028937
0.028875
0.028562
0.028562
0.028500
0.028375
0.028500
0.028500
0.028562
0.028812
0.028875
0.029000
0.029062
0.028937
0.028812
0.028500
0.028500
0.028625
0.028562
0.028687
0.028750
0.028687
0.028875
0.028875
0.028875
0.028875
0.028812
0.028812
0.028875
0.028875
0.029000
0.029062
0.029000
0.029062
0.028875
0.028875
0.028625
0.028562
0.028500
0.028750
0.028875
0.028937
0.028937
0.029000
0.028937
0.028812
0.028750
0.028625
0.028562
0.028
