0.017125
0.017125
0.017125
0.017125
0.017187
0.017125
0.017125
0.017187
0.017187
0.017187
0.017125
0.017187
0.017125
0.017125
0.017187
0.017187
0.017125
0.017125
0.017125
0.017125
0.017125
0.017125
0.017125
0.017062
0.017062
0.017062
0.017062
0.017000
0.017062
0.017062
0.017062
0.017000
0.017000
0.017062
0.017000
0.017062
0.017000
0.017062
0.017000
0.017000
0.017000
0.017062
0.017000
0.017062
0.017000
0.017062
0.016937
0.016937
0.016937
0.016937
0.016937
0.016875
0.016937
0.016875
0.016937
0.016875
0.016875
0.016875
0.016875
0.016875
0.016937
0.016875
0.016875
0.016875
0.016875
0.016812
0.016812
0.016812
0.016750
0.016750
0.016875
0.016750
0.016812
0.016812
0.016812
0.016750
0.016750
0.016750
0.016750
0.016687
0.016687
0.016687
0.016625
0.016687
0.016625
0.016625
0.016562
0.016625
0.016562
0.016562
0.016562
0.016562
0.016500
0.016500
0.016500
0.016438
0.016438
0.016375
0.016375
0.016375
0.016375
0.016312
0.016312
0.016312
0.016125
0.016062
0.016062
0.015937
0.015937
0.015937
0.015875
0.015812
0.015875
0.015812
0.015687
0.015562
0.015625
0.015562
0.015562
0.015437
0.015437
0.015437
0.015375
0.015375
0.015313
0.015313
0.015188
0.015062
0.015062
0.015062
0.015000
0.014937
0.014875
0.014875
0.014750
0.014750
0.014688
0.014625
0.014563
0.014625
0.014625
0.014625
0.014563
0.014563
0.014500
0.014500
0.014437
0.014563
0.014625
0.014750
0.015000
0.015188
0.015375
0.015625
0.016062
0.016250
0.016562
0.017125
0.017562
0.017937
0.018312
0.019125
0.019500
0.020000
0.021125
0.021812
0.022688
0.024375
0.025375
0.026438
0.027625
0.030125
0.031375
0.032750
0.035188
0.036312
0.037375
0.039437
0.040313
0.041187
0.041813
0.042438
0.042312
0.042062
0.040875
0.040187
0.039313
0.037813
0.037125
0.036625
0.036063
0.035125
0.034750
0.034312
0.033562
0.033313
0.033000
0.032500
0.032250
0.032063
0.031812
0.031562
0.031375
0.031187
0.030938
0.030750
0.030687
0.030500
0.030437
0.030250
0.030188
0.029938
0.029812
0.029750
0.029437
0.029313
0.029250
0.029188
0.029188
0.029313
0.029500
0.030250
0.030750
0.031375
0.033000
0.033937
0.035000
0.036188
0.038750
0.040250
0.041687
0.045000
0.046500
0.048062
0.050937
0.052375
0.053812
0.055250
0.058437
0.060250
0.062000
0.065937
0.067813
0.069750
0.073375
0.074938
0.076375
0.077500
0.079187
0.079688
0.079875
0.079500
0.079000
0.078312
0.076812
0.076125
0.075563
0.075062
0.074187
0.073750
0.073375
0.072687
0.072438
0.072125
0.071625
0.071375
0.071062
0.070875
0.070562
0.070375
0.070313
0.070062
0.069813
0.069500
0.069125
0.069000
0.068875
0.068750
0.068500
0.068375
0.068187
0.067875
0.067687
0.067625
0.067562
0.067562
0.067562
0.067813
0.068812
0.069563
0.070562
0.073187
0.074875
0.076750
0.078750
0.083125
0.085375
0.087875
0.092938
0.095687
0.098563
0.104375
0.107437
0.110500
0.113563
0.119687
0.122875
0.125938
0.132000
0.134750
0.137188
0.141062
0.142375
0.143125
0.143438
0.142875
0.141937
0.140625
0.137313
0.135563
0.134188
0.131563
0.130500
0.129562
0.128688
0.127250
0.126500
0.125938
0.124875
0.124563
0.124187
0.123563
0.123187
0.122875
0.122438
0.121625
0.121125
0.120625
0.119625
0.119125
0.118625
0.118187
0.117188
0.116750
0.116312
0.115562
0.115188
0.115000
0.114437
0.114125
0.113937
0.113875
0.114063
0.114437
0.115125
0.117625
0.119500
0.121687
0.127438
0.130938
0.134813
0.138750
0.146750
0.150750
0.154813
0.163125
0.167375
0.171500
0.179813
0.183812
0.187688
0.191688
0.199500
0.203187
0.206500
0.211688
0.213687
0.215250
0.217188
0.217688
0.217563
0.217000
0.214625
0.212750
0.210500
0.206375
0.204562
0.203250
0.201188
0.200500
0.200000
0.199500
0.198313
0.197688
0.197063
0.195625
0.194938
0.194125
0.193438
0.191938
0.191250
0.190563
0.189250
0.188563
0.187875
0.186625
0.186000
0.185438
0.184813
0.183687
0.183125
0.182563
0.181625
0.181250
0.180875
0.180125
0.179813
0.179562
0.179375
0.179125
0.179500
0.180125
0.182938
0.185312
0.188438
0.196813
0.202000
0.207750
0.213687
0.225500
0.231375
0.237375
0.249125
0.255000
0.260313
0.272000
0.277625
0.283188
0.288500
0.298063
0.302063
0.305375
0.309938
0.311125
0.311437
0.309750
0.307750
0.305250
0.302875
0.300063
0.299188
0.298375
0.296750
0.296000
0.295187
0.294313
0.292563
0.291625
0.290688
0.289062
0.288250
0.287438
0.285937
0.285188
0.284438
0.283688
0.282250
0.281500
0.280750
0.279250
0.278625
0.277938
0.276688
0.276062
0.275563
0.275000
0.274063
0.273625
0.273187
0.272438
0.272125
0.271750
0.271062
0.270625
0.270250
0.269875
0.269250
0.269062
0.269188
0.270813
0.272563
0.275187
0.282500
0.287188
0.292313
0.297938
0.309625
0.315688
0.321625
0.333438
0.339188
0.344875
0.355875
0.361187
0.366500
0.371875
0.382750
0.388250
0.393938
0.405063
0.410562
0.415875
0.421062
0.430437
0.434625
0.438188
0.442813
0.443875
0.444125
0.441625
0.438937
0.436000
0.433500
0.429500
0.427813
0.426250
0.423500
0.422187
0.420812
0.418562
0.417563
0.416625
0.415750
0.414188
0.413563
0.412938
0.411813
0.411375
0.410937
0.410000
0.409625
0.409125
0.408688
0.407813
0.407313
0.406938
0.406063
0.405500
0.405063
0.404188
0.403688
0.403188
0.402625
0.401750
0.401688
0.402062
0.405063
0.407813
0.411687
0.422938
0.430063
0.437812
0.446312
0.463750
0.472625
0.481750
0.499500
0.507937
0.516250
0.524375
0.539875
0.547062
0.553437
0.564937
0.570063
0.574625
0.582062
0.585062
0.587375
0.588750
0.589500
0.588562
0.586750
0.580437
0.577125
0.574312
0.569750
0.567812
0.566125
0.564562
0.561812
0.560625
0.559437
0.557562
0.556625
0.555875
0.554312
0.553688
0.553000
0.552375
0.551125
0.550500
0.550000
0.548812
0.548312
0.547687
0.546687
0.546125
0.545625
0.545187
0.544250
0.543812
0.543250
0.542313
0.541812
0.541250
0.540187
0.539688
0.539312
0.538875
0.538562
0.538813
0.539375
0.541188
0.542313
0.543625
0.545062
0.549562
0.553062
0.557375
0.568687
0.575312
0.582437
0.597187
0.604625
0.611875
0.618812
0.632187
0.638437
0.644562
0.656000
0.661313
0.666500
0.676625
0.681750
0.686937
0.692000
0.701562
0.706250
0.710688
0.719437
0.723437
0.727188
0.733062
0.735187
0.736687
0.737562
0.737250
0.735875
0.733687
0.728500
0.726500
0.724875
0.722063
0.720875
0.719687
0.718687
0.716562
0.715563
0.714562
0.712687
0.711812
0.710937
0.709375
0.708625
0.707875
0.707187
0.706125
0.705812
0.705625
0.706062
0.706500
0.706875
0.707812
0.708125
0.708375
0.708562
0.708188
0.707750
0.707125
0.705750
0.704875
0.703937
0.703062
0.701125
0.700187
0.699187
0.697312
0.696312
0.695187
0.693687
0.693937
0.695375
0.697875
0.706375
0.711937
0.718062
0.731250
0.738250
0.745500
0.760062
0.767313
0.774500
0.781437
0.795062
0.801625
0.807938
0.820312
0.826562
0.832500
0.844375
0.850250
0.856188
0.862063
0.873062
0.878250
0.882875
0.891625
0.895438
0.898875
0.903687
0.904937
0.905375
0.905000
0.901812
0.899437
0.897000
0.893313
0.892062
0.891125
0.889687
0.888937
0.888250
0.887312
0.885375
0.884187
0.882938
0.880313
0.878937
0.877625
0.876500
0.874563
0.873812
0.873062
0.871750
0.871063
0.870438
0.869062
0.868437
0.867875
0.867437
0.866625
0.866250
0.865875
0.865250
0.864750
0.864437
0.863625
0.863187
0.862750
0.862312
0.861312
0.860812
0.860375
0.859375
0.858875
0.858375
0.857500
0.857125
0.856687
0.856312
0.855562
0.855250
0.854875
0.854312
0.854000
0.853750
0.853437
0.854125
0.856000
0.858938
0.867875
0.873625
0.879875
0.893812
0.901187
0.908938
0.924938
0.933187
0.941375
0.949375
0.964375
0.971312
0.977875
0.990750
0.997000
1.003188
1.009437
1.021750
1.028062
1.034375
1.046750
1.052750
1.058437
1.068750
1.073625
1.078437
1.083063
1.092375
1.096625
1.100062
1.103875
1.104125
1.103375
1.098500
1.095625
1.093250
1.091312
1.087937
1.086437
1.085000
1.082437
1.081250
1.080125
1.077875
1.076875
1.075875
1.074937
1.073125
1.072188
1.071375
1.069813
1.069062
1.068375
1.067000
1.066375
1.065688
1.065062
1.063812
1.063250
1.062687
1.061500
1.061000
1.060437
1.059375
1.058875
1.058375
1.057875
1.057000
1.056625
1.056312
1.056000
1.056000
1.055938
1.055875
1.055375
1.054937
1.054375
1.053125
1.052438
1.051813
1.050750
1.050187
1.049750
1.049312
1.048500
1.048125
1.047688
1.047000
1.046625
1.046250
1.045437
1.045125
1.044812
1.044562
1.044125
1.043937
1.043687
1.043187
1.042937
1.042625
1.042062
1.041937
1.042187
1.042875
1.046125
1.048563
1.051312
1.058000
1.061687
1.065625
1.073250
1.077312
1.081375
1.085562
1.093688
1.097750
1.101812
1.110000
1.114313
1.118625
1.127437
1.131812
1.136125
1.140500
1.149125
1.153750
1.158563
1.168563
1.173437
1.178500
1.183437
1.193625
1.198938
1.204375
1.214500
1.218812
1.222563
1.229063
1.232500
1.236312
1.240437
1.249437
1.254063
1.258813
1.268937
1.273937
1.278563
1.285687
1.288687
1.291188
1.293250
1.297562
1.300000
1.302375
1.306563
1.307625
1.307937
1.307062
1.306125
1.304813
1.303125
1.299250
1.297375
1.295812
1.293125
1.292000
1.290812
1.288750
1.287750
1.286813
1.285812
1.284062
1.283250
1.282375
1.280812
1.280000
1.279250
1.277750
1.277063
1.276437
1.275687
1.274438
1.273813
1.273250
1.272063
1.271500
1.270937
1.270375
1.269375
1.268875
1.268312
1.267313
1.266812
1.266312
1.265375
1.264875
1.264375
1.263937
1.263062
1.262625
1.262187
1.261312
1.260937
1.260500
1.259688
1.259312
1.258875
1.258500
1.257687
1.257313
1.256937
1.256250
1.256000
1.255813
1.255625
1.255563
1.255375
1.255125
1.254375
1.253937
1.253437
1.252562
1.252125
1.251688
1.250813
1.250437
1.250062
1.249625
1.248937
1.248500
1.248188
1.247500
1.247187
1.246812
1.246187
1.245875
1.245563
1.245250
1.244812
1.244562
1.244313
1.243687
1.243375
1.243125
1.242875
1.242187
1.241937
1.241562
1.241000
1.240625
1.240312
1.239750
1.239375
1.239000
1.238750
1.238125
1.237875
1.237500
1.237000
1.236688
1.236438
1.235937
1.235687
1.235375
1.235125
1.234625
1.234313
1.234063
1.233500
1.233250
1.233000
1.232500
1.232187
1.231938
1.231625
1.231125
1.230937
1.230625
1.230188
1.229938
1.229687
1.229125
1.228937
1.228625
1.228438
1.227875
1.227687
1.227375
1.226875
1.226625
1.226437
1.226125
1.225937
1.225875
1.225875
1.226000
1.226000
1.225813
1.225312
1.225000
1.224687
1.224062
1.223688
1.223375
1.223062
1.222437
1.222187
1.221938
1.221437
1.221125
1.220875
1.220687
1.220188
1.219937
1.219687
1.219250
1.219062
1.219000
1.218688
1.218500
1.218375
1.218187
1.217813
1.217625
1.217375
1.216938
1.216687
1.216500
1.216000
1.215750
1.215500
1.215312
1.214750
1.214500
1.214313
1.213875
1.213688
1.213500
1.213125
1.212875
1.212687
1.212437
1.212125
1.211938
1.211812
1.211375
1.211187
1.211000
1.210562
1.210375
1.210250
1.210000
1.209563
1.209437
1.209187
1.208812
1.208625
1.208375
1.207937
1.207813
1.207625
1.207375
1.207000
1.206812
1.206687
1.206375
1.206313
1.206313
1.206437
1.206562
1.206500
1.206437
1.205875
1.205625
1.205312
1.204813
1.204500
1.204250
1.204000
1.203437
1.203125
1.202875
1.202437
1.202250
1.202000
1.201563
1.201375
1.201125
1.200937
1.200562
1.200438
1.200312
1.200062
1.199875
1.199750
1.199437
1.199250
1.199000
1.198875
1.198500
1.198312
1.198063
1.197687
1.197438
1.197250
1.196812
1.196563
1.196313
1.196125
1.195688
1.195500
1.195312
1.194937
1.194687
1.194500
1.194188
1.194000
1.193812
1.193562
1.193250
1.193000
1.192875
1.192562
1.192312
1.192125
1.191937
1.191563
1.191375
1.191125
1.190750
1.190625
1.190375
1.190062
1.189813
1.189563
1.189437
1.189125
1.188938
1.188812
1.188875
1.189000
1.189125
1.189188
1.188938
1.188812
1.188500
1.188000
1.187687
1.187438
1.186937
1.186625
1.186313
1.185812
1.185562
1.185375
1.185125
1.184687
1.184562
1.184312
1.183938
1.183750
1.183500
1.183187
1.183063
1.182937
1.182750
1.182500
1.182438
1.182250
1.181875
1.181687
1.181563
1.181187
1.181000
1.180812
1.180562
1.180125
1.179937
1.179750
1.179312
1.179125
1.178875
1.178687
1.178313
1.178125
1.177875
1.177562
1.177375
1.177187
1.176813
1.176687
1.176500
1.176375
1.176000
1.175812
1.175625
1.175250
1.175125
1.174937
1.174562
1.174375
1.174125
1.173938
1.173563
1.173437
1.173250
1.172875
1.172688
1.172562
1.172375
1.172312
1.172500
1.172562
1.172750
1.172625
1.172562
1.172125
1.171875
1.171625
1.171062
1.170812
1.170500
1.170250
1.169687
1.169438
1.169250
1.168812
1.168625
1.168437
1.168062
1.167812
1.167625
1.167438
1.167062
1.166875
1.166813
1.166563
1.166375
1.166312
1.166188
1.165812
1.165687
1.165500
1.165125
1.164937
1.164750
1.164375
1.164062
1.163937
1.163625
1.163250
1.163000
1.162812
1.162438
1.162250
1.162063
1.161687
1.161500
1.161312
1.161125
1.160750
1.160562
1.160375
1.160125
1.159875
1.159750
1.159375
1.159188
1.159000
1.158812
1.158437
1.158313
1.158062
1.157625
1.157500
1.157312
1.156875
1.156687
1.156562
1.156437
1.156250
1.156312
1.156375
1.156625
1.156562
1.156500
1.156062
1.155812
1.155562
1.155250
1.154688
1.154375
1.154125
1.153563
1.153312
1.153062
1.152875
1.152375
1.152187
1.151937
1.151500
1.151312
1.151062
1.150750
1.150625
1.150437
1.150375
1.150062
1.149937
1.149812
1.149500
1.149312
1.149125
1.148750
1.148500
1.148312
1.148062
1.147688
1.147437
1.147250
1.146813
1.146562
1.146250
1.145937
1.145687
1.145437
1.145250
1.144875
1.144625
1.144500
1.144125
1.143875
1.143687
1.143312
1.143125
1.142938
1.142750
1.142313
1.142125
1.141875
1.141562
1.141312
1.141125
1.140812
1.140625
1.140500
1.140313
1.140125
1.140187
1.140313
1.140437
1.140437
1.140313
1.140062
1.139562
1.139250
1.138937
1.138375
1.138062
1.137750
1.137250
1.136937
1.136687
1.136500
1.136000
1.135812
1.135563
1.135125
1.134938
1.134688
1.134375
1.134187
1.134063
1.134000
1.133687
1.133562
1.133375
1.133125
1.132812
1.132687
1.132250
1.132000
1.131812
1.131625
1.131125
1.130937
1.130625
1.130187
1.130000
1.129750
1.129312
1.129125
1.128875
1.128687
1.128312
1.128125
1.128000
1.127562
1.127437
1.127187
1.126812
1.126688
1.126500
1.126250
1.125875
1.125687
1.125500
1.125125
1.125000
1.124750
1.124562
1.124437
1.124500
1.124688
1.124812
1.124750
1.124625
1.124125
1.123875
1.123500
1.123188
1.122625
1.122313
1.122000
1.121375
1.121125
1.120875
1.120375
1.120125
1.119938
1.119688
1.119250
1.119000
1.118750
1.118375
1.118188
1.118062
1.117812
1.117687
1.117500
1.117313
1.116937
1.116750
1.116500
1.116125
1.115937
1.115687
1.115188
1.114938
1.114687
1.114437
1.114000
1.113750
1.113438
1.113000
1.112812
1.112625
1.112250
1.112000
1.111812
1.111688
1.111187
1.111063
1.110875
1.110500
1.110250
1.110000
1.109562
1.109313
1.109187
1.108937
1.108500
1.108312
1.108125
1.107875
1.107750
1.107750
1.107937
1.108188
1.108250
1.108125
1.107750
1.107437
1.107125
1.106437
1.106063
1.105750
1.105437
1.104875
1.104562
1.104313
1.103750
1.103562
1.103312
1.102937
1.102687
1.102500
1.102187
1.101812
1.101562
1.101500
1.101187
1.101063
1.100875
1.100562
1.100375
1.100125
1.099938
1.099437
1.099187
1.099000
1.098562
1.098312
1.098062
1.097563
1.097375
1.097062
1.096812
1.096375
1.096125
1.095937
1.095500
1.095312
1.095125
1.094687
1.094437
1.094313
1.094125
1.093688
1.093500
1.093250
1.092813
1.092625
1.092375
1.092125
1.091687
1.091500
1.091312
1.090875
1.090625
1.090500
1.090250
1.090250
1.090312
1.090500
1.090687
1.090687
1.090562
1.090062
1.089687
1.089313
1.088625
1.088187
1.087875
1.087500
1.086875
1.086625
1.086313
1.085812
1.085562
1.085312
1.084875
1.084563
1.084375
1.084062
1.083625
1.083500
1.083312
1.083063
1.082875
1.082625
1.082188
1.082062
1.081812
1.081625
1.081187
1.081063
1.080812
1.080312
1.080062
1.079813
1.079312
1.079062
1.078812
1.078562
1.078063
1.077813
1.077562
1.077125
1.076875
1.076625
1.076375
1.076000
1.075750
1.075500
1.075062
1.074875
1.074625
1.074125
1.073938
1.073688
1.073437
1.073000
1.072813
1.072500
1.072125
1.071875
1.071687
1.071313
1.071250
1.071187
1.071313
1.071563
1.071563
1.071500
1.071250
1.070812
1.070500
1.069687
1.069312
1.068938
1.068500
1.067875
1.067562
1.067250
1.066687
1.066500
1.066250
1.065750
1.065438
1.065187
1.065000
1.064500
1.064312
1.064188
1.063875
1.063687
1.063500
1.063187
1.062875
1.062687
1.062500
1.062000
1.061687
1.061500
1.061000
1.060688
1.060437
1.060187
1.059687
1.059437
1.059188
1.058750
1.058500
1.058313
1.057875
1.057625
1.057375
1.057188
1.056750
1.056500
1.056312
1.055875
1.055625
1.055437
1.054937
1.054750
1.054500
1.054188
1.053875
1.053562
1.053375
1.052937
1.052688
1.052438
1.052062
1.051937
1.051813
1.051750
1.051937
1.052125
1.052312
1.052312
1.052125
1.051937
1.051187
1.050750
1.050375
1.049875
1.049188
1.048875
1.048563
1.048000
1.047688
1.047438
1.046937
1.046750
1.046500
1.046250
1.045750
1.045500
1.045313
1.045000
1.044875
1.044687
1.044562
1.044125
1.043937
1.043687
1.043250
1.043000
1.042750
1.042250
1.042000
1.041750
1.041500
1.041000
1.040687
1.040500
1.040000
1.039750
1.039500
1.039062
1.038812
1.038625
1.038375
1.038000
1.037750
1.037562
1.037125
1.036937
1.036625
1.036250
1.036000
1.035812
1.035562
1.035125
1.034937
1.034625
1.034188
1.033937
1.033687
1.033250
1.033062
1.032812
1.032625
1.032250
1.032000
1.031875
1.031750
1.031813
1.032000
1.032437
1.032562
1.032562
1.032375
1.031813
1.031437
1.031000
1.030125
1.029688
1.029312
1.029000
1.028375
1.028125
1.027875
1.027437
1.027187
1.026937
1.026500
1.026250
1.026000
1.025687
1.025313
1.025125
1.025000
1.024750
1.024562
1.024375
1.023875
1.023687
1.023437
1.023187
1.022812
1.022500
1.022312
1.021813
1.021562
1.021312
1.020812
1.020625
1.020313
1.020125
1.019562
1.019375
1.019187
1.018687
1.018437
1.018250
1.017875
1.017625
1.017437
1.017313
1.016812
1.016625
1.016375
1.016000
1.015750
1.015563
1.015062
1.014875
1.014688
1.014438
1.014125
1.013813
1.013562
1.013188
1.012938
1.012687
1.012500
1.012063
1.011875
1.011625
1.011375
1.011375
1.011500
1.011875
1.012000
1.012063
1.012000
1.011562
1.011250
1.010875
1.009938
1.009562
1.009125
1.008437
1.008125
1.007812
1.007500
1.007000
1.006812
1.006500
1.006062
1.005813
1.005500
1.005000
1.004812
1.004688
1.004562
1.004187
1.004000
1.003875
1.003375
1.003188
1.003000
1.002500
1.002250
1.002000
1.001750
1.001250
1.000937
1.000687
1.000187
0.999937
0.999687
0.999250
0.998937
0.998687
0.998500
0.998062
0.997813
0.997562
0.997125
0.996937
0.996687
0.996500
0.996000
0.995812
0.995625
0.995187
0.994875
0.994687
0.994250
0.994000
0.993812
0.993500
0.993125
0.992937
0.992687
0.992250
0.992000
0.991875
0.991375
0.991125
0.990937
0.990687
0.990437
0.990188
0.990000
0.989937
0.990125
0.990312
0.990625
0.990625
0.990625
0.990375
0.989750
0.989250
0.988875
0.988000
0.987687
0.987250
0.986625
0.986375
0.986188
0.985875
0.985375
0.985125
0.984875
0.984375
0.984187
0.983875
0.983563
0.983437
0.983312
0.983250
0.982938
0.982812
0.982625
0.982250
0.982000
0.981812
0.981312
0.981125
0.980875
0.980625
0.980062
0.979813
0.979562
0.979062
0.978812
0.978625
0.978375
0.977937
0.977687
0.977500
0.977062
0.976937
0.976750
0.976375
0.976187
0.975937
0.975750
0.975375
0.975125
0.975000
0.974563
0.974312
0.974125
0.973688
0.973437
0.973188
0.973000
0.972562
0.972313
0.972187
0.971687
0.971500
0.971375
0.971062
0.970937
0.970937
0.971062
0.971500
0.971750
0.971813
0.971750
0.971500
0.971125
0.970375
0.969937
0.969500
0.969062
0.968375
0.968062
0.967750
0.967250
0.967000
0.966750
0.966312
0.966062
0.965875
0.965563
0.965125
0.964937
0.964750
0.964625
0.964437
0.964312
0.964188
0.963812
0.963625
0.963437
0.962937
0.962750
0.962500
0.962062
0.961812
0.961625
0.961312
0.960875
0.960562
0.960375
0.959937
0.959687
0.959437
0.959000
0.958812
0.958625
0.958438
0.957938
0.957750
0.957500
0.957187
0.957000
0.956812
0.956437
0.956188
0.956000
0.955813
0.955312
0.955187
0.954938
0.954562
0.954312
0.954125
0.953687
0.953500
0.953250
0.953000
0.952625
0.952500
0.952313
0.952187
0.952375
0.952625
0.953188
0.953312
0.953312
0.953250
0.952750
0.952375
0.951875
0.951000
0.950562
0.950250
0.949875
0.949250
0.949000
0.948687
0.948187
0.947937
0.947750
0.947250
0.947062
0.946813
0.946562
0.946187
0.946062
0.945938
0.945687
0.945625
0.945438
0.945063
0.944812
0.944687
0.944500
0.944062
0.943750
0.943562
0.943000
0.942813
0.942562
0.942125
0.941812
0.941562
0.941375
0.940937
0.940687
0.940437
0.940000
0.939875
0.939625
0.939188
0.939062
0.938875
0.938687
0.938312
0.938187
0.937937
0.937563
0.937375
0.937125
0.936750
0.936562
0.936312
0.936125
0.935687
0.935500
0.935313
0.934875
0.934625
0.934500
0.934250
0.934000
0.933937
0.933937
0.934250
0.934562
0.934750
0.935062
0.935000
0.934812
0.934562
0.933687
0.933312
0.932812
0.932000
0.931562
0.931250
0.930625
0.930437
0.930125
0.929937
0.929438
0.929250
0.929000
0.928500
0.928250
0.928125
0.927812
0.927688
0.927562
0.927500
0.927250
0.927062
0.926937
0.926562
0.926313
0.926125
0.925687
0.925438
0.925187
0.924938
0.924437
0.924187
0.923937
0.923375
0.923188
0.922937
0.922437
0.922250
0.922062
0.921812
0.921500
0.921312
0.921125
0.920687
0.920500
0.920312
0.920125
0.919750
0.919500
0.919312
0.918937
0.918750
0.918437
0.918187
0.917875
0.917687
0.917437
0.917062
0.916875
0.916625
0.916250
0.916062
0.915937
0.915625
0.915625
0.915750
0.915937
0.916438
0.916687
0.916812
0.916625
0.916375
0.916000
0.915125
0.914625
0.914125
0.913750
0.912938
0.912687
0.912438
0.911937
0.911687
0.911437
0.910937
0.910750
0.910562
0.910250
0.909875
0.909750
0.909562
0.909437
0.909313
0.909250
0.909000
0.908812
0.908625
0.908500
0.908063
0.907812
0.907563
0.907125
0.906875
0.906625
0.906375
0.905875
0.905625
0.905375
0.904937
0.904687
0.904500
0.904125
0.903938
0.903750
0.903500
0.903125
0.903000
0.902750
0.902437
0.902313
0.902125
0.901812
0.901562
0.901375
0.901250
0.900875
0.900687
0.900500
0.900125
0.899938
0.899750
0.899437
0.899312
0.899187
0.899063
0.898937
0.899125
0.899312
0.899938
0.900062
0.900125
0.900000
0.899687
0.899312
0.898875
0.897937
0.897500
0.897187
0.896500
0.896187
0.895938
0.895500
0.895312
0.895063
0.894875
0.894437
0.894250
0.894000
0.893688
0.893625
0.893625
0.893500
0.893437
0.893313
0.893125
0.892875
0.892687
0.892500
0.892125
0.891875
0.891625
0.891375
0.890875
0.890688
0.890375
0.889937
0.889687
0.889437
0.889062
0.888875
0.888687
0.888500
0.888125
0.887937
0.887812
0.887438
0.887250
0.887062
0.886688
0.886563
0.886312
0.886187
0.885812
0.885562
0.885375
0.885000
0.884750
0.884562
0.884250
0.884062
0.883937
0.883875
0.884125
0.884437
0.884750
0.885250
0.885437
0.885437
0.885000
0.884687
0.884187
0.883687
0.882687
0.882250
0.881812
0.881188
0.880813
0.880562
0.880062
0.879875
0.879687
0.879375
0.878937
0.878687
0.878500
0.878250
0.878063
0.878063
0.878000
0.877812
0.877688
0.877562
0.877250
0.877062
0.876875
0.876437
0.876187
0.876062
0.875687
0.875187
0.875000
0.874750
0.874250
0.874000
0.873750
0.873312
0.873125
0.872937
0.872750
0.872375
0.872187
0.872062
0.871687
0.871500
0.871312
0.870938
0.870750
0.870562
0.870375
0.870000
0.869812
0.869563
0.869250
0.869000
0.868812
0.868625
0.868437
0.868437
0.868562
0.869250
0.869625
0.869937
0.870375
0.870375
0.870250
0.869687
0.869187
0.868688
0.868062
0.866938
0.866500
0.866125
0.865437
0.865250
0.864937
0.864688
0.864313
0.864125
0.863875
0.863312
0.863125
0.862938
0.862750
0.862687
0.862625
0.862562
0.862312
0.862187
0.862063
0.861625
0.861500
0.861250
0.860812
0.860562
0.860313
0.860062
0.859562
0.859312
0.859062
0.858563
0.858375
0.858062
0.857687
0.857500
0.857312
0.857188
0.856812
0.856687
0.856500
0.856188
0.856000
0.855750
0.855438
0.855250
0.855000
0.854875
0.854437
0.854250
0.854062
0.853688
0.853500
0.853250
0.852937
0.852812
0.852687
0.852625
0.852937
0.853312
0.853750
0.854500
0.854750
0.855000
0.855000
0.854687
0.854312
0.853875
0.852687
0.852062
0.851375
0.850438
0.850062
0.849750
0.849500
0.849063
0.848875
0.848688
0.848188
0.847875
0.847687
0.847250
0.847125
0.847062
0.847000
0.846937
0.846813
0.846687
0.846438
0.846250
0.846062
0.845563
0.845312
0.845063
0.844812
0.844312
0.844000
0.843687
0.843187
0.843000
0.842687
0.842250
0.842062
0.841812
0.841563
0.841250
0.841062
0.840937
0.840625
0.840437
0.840250
0.839875
0.839688
0.839500
0.839312
0.838937
0.838750
0.838562
0.838187
0.838000
0.837812
0.837687
0.837250
0.837062
0.836875
0.836500
0.836437
0.836312
0.836250
0.836437
0.836812
0.837250
0.838125
0.838437
0.838687
0.838750
0.838687
0.838313
0.837438
0.836875
0.836250
0.835500
0.834375
0.833938
0.833562
0.833125
0.833000
0.832750
0.832312
0.832062
0.831812
0.831437
0.831125
0.831125
0.831062
0.831000
0.830937
0.830937
0.830687
0.830562
0.830375
0.830187
0.829750
0.829500
0.829187
0.828687
0.828437
0.828125
0.827625
0.827375
0.827125
0.826937
0.826562
0.826312
0.826125
0.825875
0.825687
0.825500
0.825312
0.825062
0.824938
0.824750
0.824500
0.824250
0.824125
0.823812
0.823625
0.823500
0.823312
0.822937
0.822750
0.822500
0.822125
0.822000
0.821813
0.821562
0.821375
0.821375
0.821437
0.822125
0.822625
0.823125
0.824000
0.824312
0.824375
0.824375
0.824188
0.823875
0.823437
0.822312
0.821625
0.820938
0.819687
0.819250
0.818937
0.818500
0.818250
0.818062
0.817813
0.817313
0.817062
0.816875
0.816625
0.816562
0.816562
0.816562
0.816500
0.816375
0.816250
0.815937
0.815812
0.815563
0.815062
0.814750
0.814562
0.814313
0.813750
0.813500
0.813250
0.812750
0.812563
0.812250
0.811875
0.811750
0.811500
0.811312
0.811000
0.810875
0.810687
0.810437
0.810313
0.810125
0.809812
0.809625
0.809437
0.809250
0.808937
0.808750
0.808563
0.808187
0.808000
0.807812
0.807437
0.807375
0.807187
0.807000
0.806875
0.807000
0.807375
0.808375
0.808875
0.809437
0.810188
0.810437
0.810562
0.810562
0.810250
0.809875
0.809375
0.808187
0.807437
0.806687
0.805437
0.804937
0.804562
0.804250
0.803875
0.803687
0.803500
0.802937
0.802562
0.802437
0.802250
0.802062
0.802000
0.801937
0.801875
0.801750
0.801625
0.801375
0.801125
0.800875
0.800625
0.800125
0.799875
0.799625
0.799062
0.798750
0.798500
0.798000
0.797750
0.797500
0.797312
0.796875
0.796812
0.796562
0.796250
0.796062
0.795875
0.795562
0.795375
0.795250
0.795125
0.794750
0.794625
0.794437
0.794125
0.793937
0.793750
0.793312
0.793125
0.792875
0.792750
0.792375
0.792187
0.791937
0.791687
0.791500
0.791312
0.791375
0.791562
0.792000
0.792500
0.793688
0.794250
0.794750
0.795375
0.795500
0.795500
0.795438
0.794875
0.794437
0.793875
0.792437
0.791625
0.790875
0.789562
0.789125
0.788750
0.788500
0.788063
0.787812
0.787500
0.787000
0.786812
0.786687
0.786437
0.786375
0.786250
0.786250
0.786125
0.785937
0.785812
0.785438
0.785250
0.784937
0.784437
0.784125
0.783875
0.783562
0.783062
0.782687
0.782437
0.782000
0.781750
0.781562
0.781187
0.781000
0.780875
0.780625
0.780312
0.780125
0.780062
0.779750
0.779562
0.779437
0.779062
0.779000
0.778812
0.778625
0.778312
0.778187
0.778000
0.777625
0.777437
0.777250
0.776875
0.776750
0.776562
0.776437
0.776062
0.775937
0.775875
0.775813
0.776125
0.776562
0.777125
0.778375
0.778938
0.779437
0.780125
0.780312
0.780375
0.780125
0.779875
0.779375
0.778875
0.777500
0.776812
0.775937
0.774625
0.774125
0.773750
0.773188
0.773000
0.772687
0.772438
0.772062
0.771937
0.771812
0.771687
0.771625
0.771625
0.771438
0.771375
0.771250
0.771125
0.770750
0.770500
0.770187
0.769562
0.769312
0.769000
0.768375
0.768187
0.767937
0.767687
0.767250
0.767000
0.766875
0.766500
0.766312
0.766187
0.765875
0.765687
0.765562
0.765437
0.765187
0.765000
0.764875
0.764625
0.764375
0.764250
0.764125
0.763687
0.763562
0.763375
0.763000
0.762875
0.762687
0.762375
0.762125
0.762000
0.761937
0.761812
0.761875
0.762125
0.763250
0.763875
0.764437
0.765625
0.766062
0.766375
0.766687
0.766875
0.766812
0.766562
0.765812
0.765125
0.764500
0.763000
0.762250
0.761500
0.760875
0.759875
0.759500
0.759125
0.758438
0.758187
0.758125
0.757812
0.757750
0.757687
0.757563
0.757437
0.757375
0.757250
0.757000
0.756875
0.756750
0.756312
0.756062
0.755750
0.755500
0.754875
0.754562
0.754312
0.753812
0.753562
0.753250
0.753062
0.752625
0.752500
0.752250
0.751937
0.751750
0.751625
0.751312
0.751125
0.750937
0.750875
0.750562
0.750437
0.750250
0.750000
0.749812
0.749687
0.749312
0.749125
0.749000
0.748812
0.748375
0.748187
0.748062
0.747625
0.747437
0.747250
0.746937
0.746875
0.746813
0.746813
0.747562
0.748125
0.748875
0.750312
0.750937
0.751500
0.752437
0.752812
0.752875
0.752937
0.752625
0.752187
0.751625
0.750187
0.749375
0.748563
0.747062
0.746437
0.745812
0.745250
0.744437
0.744062
0.743625
0.743125
0.742937
0.742813
0.742750
0.742562
0.742437
0.742375
0.742187
0.742000
0.741875
0.741562
0.741375
0.741188
0.741000
0.740437
0.740125
0.739812
0.739250
0.738937
0.738750
0.738187
0.737937
0.737625
0.737500
0.737062
0.736937
0.736750
0.736437
0.736250
0.736125
0.735812
0.735625
0.735500
0.735312
0.735062
0.734937
0.734750
0.734437
0.734312
0.734125
0.733812
0.733625
0.733500
0.733375
0.732938
0.732812
0.732625
0.732187
0.732063
0.731812
0.731437
0.731312
0.731188
0.731125
0.731188
0.731500
0.732063
0.733437
0.734250
0.735000
0.735625
0.736812
0.737187
0.737500
0.737750
0.737625
0.737375
0.736250
0.735562
0.734812
0.734000
0.732437
0.731687
0.731000
0.729813
0.729250
0.728812
0.728000
0.727687
0.727562
0.727375
0.727188
0.727062
0.727062
0.726937
0.726812
0.726687
0.726375
0.726250
0.726125
0.725875
0.725438
0.725250
0.724937
0.724375
0.724062
0.723813
0.723250
0.723000
0.722750
0.722500
0.722063
0.721875
0.721687
0.721312
0.721125
0.721000
0.720687
0.720562
0.720438
0.720187
0.719937
0.719750
0.719562
0.719312
0.719187
0.719000
0.718875
0.718562
0.718375
0.718250
0.717937
0.717687
0.717500
0.717187
0.717000
0.716750
0.716562
0.716187
0.716062
0.715937
0.715812
0.715812
0.716125
0.717187
0.717875
0.718687
0.719375
0.720687
0.721250
0.721687
0.722250
0.722375
0.722312
0.721687
0.721000
0.720375
0.719687
0.718125
0.717313
0.716500
0.715062
0.714500
0.714000
0.713063
0.712687
0.712438
0.712188
0.712000
0.711937
0.711937
0.711750
0.711687
0.711563
0.711375
0.711250
0.711062
0.710875
0.710500
0.710312
0.710000
0.709500
0.709187
0.709000
0.708687
0.708125
0.707812
0.707562
0.707125
0.706937
0.706750
0.706312
0.706187
0.706062
0.705875
0.705562
0.705437
0.705312
0.705062
0.704937
0.704813
0.704500
0.704500
0.704312
0.704187
0.703812
0.703750
0.703562
0.703250
0.703000
0.702937
0.702562
0.702375
0.702187
0.702062
0.701812
0.701625
0.701562
0.701562
0.701875
0.702375
0.703750
0.704437
0.705187
0.705875
0.707125
0.707437
0.707875
0.708188
0.708125
0.707875
0.706812
0.706125
0.705375
0.704687
0.703125
0.702312
0.701625
0.700312
0.699750
0.699250
0.698563
0.698437
0.698250
0.698187
0.698187
0.698187
0.698125
0.698062
0.697875
0.697750
0.697625
0.697312
0.697187
0.697000
0.696500
0.696250
0.696000
0.695437
0.695125
0.694875
0.694625
0.694125
0.693875
0.693625
0.693313
0.693125
0.692875
0.692563
0.692438
0.692312
0.692125
0.691875
0.691812
0.691625
0.691437
0.691312
0.691187
0.690813
0.690750
0.690625
0.690437
0.690062
0.690000
0.689750
0.689500
0.689437
0.689312
0.689250
0.689375
0.689687
0.690250
0.691688
0.692438
0.693187
0.694500
0.695187
0.695625
0.696375
0.696437
0.696375
0.696000
0.695000
0.694375
0.693750
0.692312
0.691625
0.690875
0.690187
0.688750
0.688125
0.687500
0.686375
0.686063
0.685812
0.685625
0.685562
0.685562
0.685562
0.685500
0.685375
0.685312
0.684937
0.684875
0.684625
0.684313
0.684062
0.683812
0.683562
0.683062
0.682750
0.682500
0.681937
0.681687
0.681375
0.680875
0.680750
0.680562
0.680313
0.680000
0.679875
0.679687
0.679438
0.679250
0.679187
0.678875
0.678750
0.678688
0.678437
0.678187
0.678125
0.677875
0.677625
0.677437
0.677312
0.676938
0.676813
0.676687
0.676625
0.676562
0.676813
0.677125
0.678563
0.679438
0.680313
0.681250
0.682875
0.683562
0.684187
0.685000
0.684937
0.684625
0.683812
0.683375
0.682812
0.682125
0.680938
0.680313
0.679687
0.678500
0.677875
0.677312
0.675937
0.675312
0.674687
0.674250
0.673563
0.673375
0.673187
0.673062
0.673062
0.673000
0.672812
0.672687
0.672562
0.672375
0.671875
0.671687
0.671437
0.670875
0.670687
0.670375
0.669875
0.669625
0.669312
0.669062
0.668562
0.668312
0.668062
0.667687
0.667437
0.667187
0.666812
0.666687
0.666500
0.666375
0.666062
0.665812
0.665750
0.665437
0.665250
0.665125
0.664937
0.664500
0.664375
0.664250
0.663875
0.663750
0.663625
0.663500
0.663437
0.663375
0.663437
0.664375
0.665125
0.666000
0.667750
0.668688
0.669563
0.671125
0.671750
0.672125
0.672187
0.671687
0.671312
0.670937
0.669937
0.669375
0.668937
0.668000
0.667562
0.667125
0.666687
0.665625
0.665062
0.664500
0.663500
0.663063
0.662687
0.662125
0.661875
0.661687
0.661562
0.661188
0.661062
0.660875
0.660625
0.660375
0.660125
0.659625
0.659312
0.659062
0.658750
0.658125
0.657750
0.657500
0.657062
0.656875
0.656625
0.656437
0.656187
0.655937
0.655812
0.655625
0.655500
0.655375
0.655062
0.654875
0.654750
0.654562
0.654187
0.654062
0.653938
0.653687
0.653500
0.653375
0.653063
0.652875
0.652750
0.652750
0.652875
0.653250
0.653750
0.655437
0.656500
0.657500
0.659625
0.660500
0.661437
0.662125
0.662250
0.662063
0.661812
0.661062
0.660562
0.660125
0.659187
0.658687
0.658250
0.657812
0.657000
0.656625
0.656062
0.655000
0.654375
0.653875
0.653000
0.652625
0.652250
0.651937
0.651500
0.651312
0.651062
0.650750
0.650563
0.650375
0.650125
0.649688
0.649437
0.649250
0.648750
0.648375
0.648062
0.647438
0.647125
0.646750
0.646438
0.645875
0.645688
0.645437
0.644937
0.644813
0.644625
0.644312
0.644187
0.644000
0.643875
0.643562
0.643375
0.643250
0.642875
0.642687
0.642562
0.642250
0.642062
0.641937
0.641812
0.641687
0.641625
0.641687
0.642500
0.643250
0.644125
0.646312
0.647375
0.648500
0.649625
0.651437
0.651688
0.651688
0.651375
0.651125
0.650750
0.649938
0.649562
0.649125
0.648750
0.647937
0.647562
0.647250
0.646375
0.645875
0.645312
0.644187
0.643687
0.643250
0.642812
0.642062
0.641875
0.641562
0.641187
0.640937
0.640812
0.640625
0.640312
0.640062
0.639937
0.639437
0.639188
0.638937
0.638250
0.637937
0.637562
0.637187
0.636375
0.635937
0.635625
0.635062
0.634750
0.634437
0.634063
0.633937
0.633812
0.633687
0.633625
0.633500
0.633500
0.633312
0.633125
0.633062
0.632812
0.632687
0.632563
0.632437
0.632250
0.632125
0.632000
0.631875
0.631875
0.632000
0.632812
0.633438
0.634313
0.635312
0.637250
0.638187
0.639250
0.640625
0.640750
0.640687
0.640312
0.639937
0.639562
0.639125
0.638250
0.637750
0.637375
0.636500
0.636063
0.635625
0.635125
0.633937
0.633375
0.632812
0.631875
0.631437
0.631187
0.630625
0.630312
0.630063
0.629875
0.629500
0.629312
0.629125
0.628750
0.628500
0.628313
0.627812
0.627437
0.627125
0.626750
0.626062
0.625687
0.625375
0.624687
0.624375
0.624000
0.623500
0.623250
0.623000
0.622812
0.622500
0.622375
0.622250
0.621875
0.621687
0.621562
0.621250
0.621125
0.620875
0.620687
0.620312
0.620187
0.620000
0.619687
0.619500
0.619437
0.619250
0.619250
0.619313
0.619625
0.620938
0.621813
0.622812
0.624750
0.625750
0.626688
0.627562
0.628250
0.628187
0.628062
0.627375
0.626875
0.626437
0.625375
0.624875
0.624375
0.623875
0.622750
0.622187
0.621562
0.620375
0.619750
0.619250
0.618375
0.618125
0.617813
0.617687
0.617312
0.617250
0.617125
0.617125
0.617062
0.617000
0.616938
0.616812
0.616750
0.616625
0.616312
0.616188
0.615937
0.615500
0.615313
0.615062
0.614625
0.614375
0.614125
0.613937
0.613500
0.613250
0.613000
0.612500
0.612187
0.611812
0.611187
0.610875
0.610562
0.610187
0.609687
0.609500
0.609312
0.609000
0.608937
0.608937
0.608875
0.609250
0.609750
0.610500
0.612375
0.613500
0.614562
0.616812
0.617750
0.618438
0.618688
0.618562
0.618438
0.618187
0.617500
0.617187
0.616812
0.616125
0.615812
0.615500
0.615188
0.614500
0.614062
0.613625
0.612875
0.612562
0.612250
0.611812
0.611687
0.611562
0.611437
0.611125
0.611000
0.610812
0.610500
0.610250
0.610000
0.609312
0.609062
0.608750
0.608312
0.607437
0.607000
0.606500
0.605562
0.605125
0.604625
0.603812
0.603437
0.603125
0.602813
0.602250
0.602000
0.601812
0.601437
0.601250
0.601062
0.600875
0.600438
0.600312
0.600125
0.599875
0.599812
0.599750
0.599812
0.600000
0.600500
0.601250
0.603375
0.604437
0.605562
0.607875
0.608937
0.609500
0.609750
0.609687
0.609437
0.609250
0.608500
0.608000
0.607562
0.606750
0.606375
0.605937
0.605125
0.604562
0.604062
0.603562
0.602437
0.601937
0.601500
0.600750
0.600375
0.600125
0.599625
0.599437
0.599312
0.599125
0.598813
0.598688
0.598500
0.598187
0.597938
0.597687
0.597125
0.596812
0.596375
0.596000
0.595250
0.594812
0.594437
0.593625
0.593250
0.592937
0.592562
0.592000
0.591687
0.591500
0.591062
0.590812
0.590625
0.590250
0.590000
0.589812
0.589688
0.589437
0.589312
0.589250
0.589562
0.590062
0.590812
0.592875
0.594062
0.595187
0.596375
0.598625
0.599187
0.599437
0.599375
0.599187
0.598875
0.598187
0.597750
0.597250
0.596875
0.595937
0.595375
0.595000
0.594000
0.593375
0.592750
0.591625
0.591125
0.590750
0.590312
0.589750
0.589500
0.589312
0.589062
0.588875
0.588812
0.588625
0.588500
0.588437
0.588187
0.587875
0.587562
0.587375
0.586812
0.586437
0.586187
0.585875
0.585187
0.584875
0.584562
0.584000
0.583625
0.583375
0.582812
0.582562
0.582313
0.582000
0.581562
0.581312
0.581125
0.580625
0.580562
0.580375
0.580312
0.580375
0.580562
0.581062
0.582812
0.583875
0.585187
0.587625
0.588875
0.589937
0.590750
0.590812
0.590812
0.590687
0.590062
0.589750
0.589375
0.588437
0.588063
0.587625
0.586750
0.586250
0.585750
0.585250
0.584063
0.583562
0.583125
0.582437
0.582187
0.582000
0.581687
0.581562
0.581500
0.581438
0.581187
0.581125
0.581062
0.580687
0.580500
0.580250
0.579750
0.579375
0.579062
0.578687
0.578125
0.577687
0.577375
0.576750
0.576375
0.576000
0.575750
0.575125
0.574812
0.574500
0.573875
0.573625
0.573375
0.572937
0.572750
0.572562
0.572500
0.572625
0.573000
0.573625
0.575625
0.576875
0.578125
0.580812
0.582000
0.582687
0.583063
0.583312
0.583188
0.583063
0.582500
0.582125
0.581750
0.581062
0.580687
0.580312
0.579875
0.579125
0.578687
0.578187
0.577125
0.576688
0.576250
0.575750
0.575500
0.575312
0.575187
0.575000
0.574938
0.574750
0.574625
0.574437
0.574375
0.574000
0.573750
0.573563
0.573250
0.572625
0.572312
0.571937
0.571250
0.570938
0.570562
0.570187
0.569500
0.569125
0.568750
0.568125
0.567750
0.567438
0.566750
0.566437
0.566125
0.565813
0.565375
0.565250
0.565187
0.565437
0.566000
0.566937
0.569250
0.570562
0.571937
0.573375
0.575187
0.575687
0.575937
0.576062
0.575937
0.575750
0.575187
0.574938
0.574625
0.574437
0.573937
0.573750
0.573500
0.572937
0.572625
0.572187
0.571500
0.571187
0.570938
0.570687
0.570312
0.570125
0.570000
0.569812
0.569625
0.569500
0.569125
0.569000
0.568812
0.568500
0.568062
0.567750
0.567438
0.566750
0.566375
0.566000
0.565625
0.564937
0.564500
0.564250
0.563500
0.563125
0.562812
0.562125
0.561750
0.561500
0.561063
0.560375
0.560000
0.559687
0.559062
0.558812
0.558625
0.558500
0.558750
0.559313
0.560188
0.562500
0.563875
0.565250
0.567563
0.568125
0.568500
0.568875
0.568937
0.568937
0.568875
0.568812
0.568750
0.568687
0.568687
0.568625
0.568562
0.568313
0.567937
0.567563
0.567125
0.566187
0.565813
0.565500
0.564875
0.564562
0.564250
0.563812
0.563562
0.563312
0.563062
0.562562
0.562312
0.562000
0.561375
0.561063
0.560687
0.560312
0.559625
0.559313
0.558875
0.558125
0.557687
0.557375
0.556687
0.556312
0.556000
0.555687
0.555062
0.554750
0.554438
0.553812
0.553500
0.553187
0.552625
0.552250
0.551938
0.551562
0.551063
0.550812
0.550687
0.550625
0.551000
0.551625
0.553688
0.555000
0.556375
0.557875
0.559750
0.560250
0.560562
0.560937
0.561063
0.561063
0.561187
0.561250
0.561312
0.561312
0.561250
0.561125
0.560937
0.560375
0.559937
0.559500
0.558500
0.558062
0.557562
0.557187
0.556437
0.556062
0.555687
0.555062
0.554750
0.554438
0.554062
0.553375
0.553000
0.552625
0.551875
0.551500
0.551063
0.550125
0.549687
0.549312
0.548750
0.547812
0.547312
0.546875
0.545750
0.545250
0.544750
0.543688
0.543125
0.542625
0.542062
0.541062
0.540500
0.540062
0.539000
0.538500
0.538063
0.537000
0.536437
0.535937
0.535438
0.534500
0.534000
0.533562
0.532812
0.532562
0.532500
0.533187
0.533937
0.534875
0.535937
0.538187
0.538750
0.538937
0.539125
0.539250
0.539125
0.538937
0.538875
0.538750
0.538500
0.538063
0.537687
0.537312
0.536375
0.535812
0.535250
0.534563
0.533125
0.532375
0.531750
0.530625
0.530062
0.529562
0.528625
0.528125
0.527687
0.527250
0.526375
0.525875
0.525500
0.524562
0.524125
0.523687
0.522750
0.522313
0.521875
0.521438
0.520500
0.520062
0.519625
0.518687
0.518250
0.517750
0.516937
0.516562
0.516187
0.515750
0.514937
0.514625
0.514250
0.513437
0.513062
0.512687
0.511937
0.511563
0.511125
0.510812
0.510000
0.509687
0.509313
0.508812
0.508500
0.508438
0.508812
0.509562
0.510437
0.511500
0.513500
0.514062
0.514375
0.514812
0.515000
0.515125
0.515250
0.515250
0.515187
0.515000
0.514500
0.514125
0.513875
0.512937
0.512438
0.511812
0.511312
0.509938
0.509375
0.508750
0.507687
0.507187
0.506750
0.505938
0.505625
0.505187
0.504875
0.504125
0.503812
0.503437
0.502750
0.502375
0.502000
0.501250
0.500875
0.500437
0.500062
0.499312
0.498937
0.498563
0.497750
0.497375
0.497000
0.496188
0.495875
0.495500
0.495125
0.494313
0.494000
0.493625
0.492875
0.492500
0.492125
0.491438
0.491063
0.490687
0.490313
0.489500
0.489250
0.488813
0.488250
0.488000
0.487812
0.487938
0.488375
0.489062
0.490000
0.492125
0.492813
0.493250
0.494000
0.494250
0.494500
0.494625
0.494687
0.494625
0.494500
0.494125
0.493875
0.493500
0.492813
0.492375
0.491875
0.491375
0.490125
0.489500
0.488813
0.487750
0.487188
0.486688
0.485750
0.485375
0.484938
0.484625
0.484000
0.483687
0.483312
0.482750
0.482437
0.482188
0.481562
0.481250
0.480875
0.480563
0.479937
0.479562
0.479250
0.478500
0.478187
0.477750
0.477125
0.476813
0.476500
0.476125
0.475500
0.475062
0.474688
0.474000
0.473688
0.473312
0.472688
0.472250
0.472000
0.471563
0.470875
0.470562
0.470187
0.469438
0.469062
0.468750
0.468500
0.468187
0.468187
0.468563
0.470125
0.471125
0.472125
0.473563
0.474000
0.474375
0.474625
0.475062
0.475062
0.475062
0.474938
0.474750
0.474563
0.474063
0.473750
0.473437
0.473062
0.472187
0.471687
0.471063
0.469937
0.469375
0.468750
0.467750
0.467250
0.466812
0.466375
0.465625
0.465313
0.464938
0.464375
0.464063
0.463813
0.463313
0.463063
0.462812
0.462500
0.462000
0.461625
0.461375
0.460750
0.460375
0.460063
0.459375
0.459063
0.458688
0.458375
0.457625
0.457313
0.456937
0.456188
0.455875
0.455500
0.455187
0.454500
0.454250
0.453875
0.453312
0.452938
0.452625
0.451938
0.451688
0.451375
0.451063
0.450437
0.450125
0.449812
0.449250
0.449000
0.448875
0.449000
0.449437
0.450188
0.451125
0.452875
0.453437
0.453938
0.454688
0.455000
0.455125
0.455187
0.455063
0.455000
0.454813
0.454500
0.454188
0.454000
0.453312
0.452938
0.452500
0.451562
0.451063
0.450500
0.449875
0.448813
0.448375
0.448000
0.447187
0.446750
0.446438
0.445875
0.445625
0.445375
0.445187
0.444687
0.444438
0.444250
0.443812
0.443563
0.443375
0.443063
0.442500
0.442187
0.441938
0.441312
0.440937
0.440688
0.440000
0.439688
0.439375
0.439063
0.438313
0.438000
0.437687
0.437063
0.436687
0.436375
0.435750
0.435438
0.435125
0.434812
0.434250
0.434000
0.433688
0.433062
0.432750
0.432500
0.431937
0.431625
0.431375
0.431125
0.430687
0.430563
0.430625
0.431500
0.432250
0.433062
0.434438
0.434875
0.435375
0.435688
0.436125
0.436125
0.436125
0.435937
0.435812
0.435688
0.435250
0.434938
0.434625
0.434313
0.433562
0.433062
0.432625
0.431562
0.431000
0.430437
0.429938
0.429062
0.428625
0.428250
0.427562
0.427312
0.427000
0.426500
0.426250
0.426063
0.425813
0.425375
0.425125
0.424938
0.424375
0.424125
0.423813
0.423312
0.423000
0.422750
0.422375
0.421750
0.421438
0.421125
0.420438
0.420063
0.419688
0.419062
0.418813
0.418375
0.418125
0.417437
0.417125
0.416812
0.416125
0.415813
0.415563
0.414938
0.414625
0.414375
0.414063
0.413437
0.413250
0.412938
0.412500
0.412313
0.412250
0.412500
0.413063
0.413750
0.414438
0.415687
0.416063
0.416438
0.416812
0.416938
0.416938
0.416812
0.416625
0.416438
0.416250
0.415750
0.415437
0.415188
0.414375
0.414000
0.413500
0.413000
0.412000
0.411438
0.410937
0.410125
0.409875
0.409500
0.408938
0.408750
0.408438
0.408312
0.407875
0.407687
0.407563
0.407187
0.407063
0.406750
0.406375
0.406125
0.405938
0.405687
0.405125
0.404813
0.404562
0.404063
0.403812
0.403500
0.402937
0.402687
0.402375
0.402062
0.401437
0.401187
0.400875
0.400312
0.400000
0.399688
0.399125
0.398813
0.398437
0.398187
0.397625
0.397313
0.397000
0.396563
0.396438
0.396312
0.396438
0.396875
0.397500
0.398187
0.399188
0.399688
0.399938
0.400438
0.400500
0.400500
0.400438
0.400250
0.400125
0.399938
0.399563
0.399250
0.398937
0.398313
0.397875
0.397438
0.397063
0.396062
0.395563
0.395125
0.394250
0.393875
0.393563
0.393000
0.392750
0.392563
0.392313
0.392000
0.391813
0.391688
0.391313
0.391125
0.391000
0.390625
0.390438
0.390250
0.389937
0.389500
0.389188
0.388937
0.388375
0.388125
0.387750
0.387250
0.386875
0.386687
0.386313
0.385750
0.385437
0.385188
0.384562
0.384313
0.384000
0.383375
0.383063
0.382750
0.382437
0.381750
0.381500
0.381312
0.380875
0.380750
0.380813
0.381063
0.382250
0.382812
0.383438
0.384187
0.384562
0.384750
0.384938
0.384875
0.384938
0.384813
0.384625
0.384438
0.384187
0.383687
0.383438
0.383063
0.382437
0.382125
0.381688
0.381250
0.380313
0.379875
0.379438
0.378750
0.378375
0.378062
0.377562
0.377375
0.377125
0.377000
0.376625
0.376500
0.376312
0.376063
0.375875
0.375688
0.375250
0.375000
0.374750
0.374625
0.374063
0.373750
0.373500
0.372938
0.372750
0.372500
0.371938
0.371625
0.371438
0.371188
0.370500
0.370313
0.370000
0.369500
0.369250
0.368875
0.368562
0.368062
0.367750
0.367438
0.367000
0.366812
0.366750
0.366750
0.367125
0.367563
0.368125
0.369188
0.369563
0.369875
0.370375
0.370563
0.370563
0.370563
0.370438
0.370375
0.370250
0.369875
0.369688
0.369437
0.368937
0.368562
0.368313
0.367563
0.367125
0.366688
0.366313
0.365625
0.365250
0.365000
0.364438
0.364250
0.364000
0.363750
0.363625
0.363438
0.363313
0.363063
0.362938
0.362750
0.362437
0.362250
0.362063
0.361625
0.361438
0.361187
0.361000
0.360500
0.360188
0.359938
0.359437
0.359188
0.359000
0.358687
0.358188
0.357938
0.357687
0.357188
0.356875
0.356625
0.356063
0.355875
0.355625
0.355313
0.354813
0.354562
0.354438
0.354125
0.353938
0.354000
0.354562
0.355125
0.355563
0.356063
0.356813
0.357000
0.357188
0.357437
0.357375
0.357313
0.357125
0.357000
0.356813
0.356687
0.356250
0.355938
0.355625
0.355125
0.354750
0.354438
0.353688
0.353188
0.352875
0.352500
0.351938
0.351688
0.351500
0.351125
0.351000
0.350813
0.350563
0.350437
0.350250
0.350125
0.349875
0.349750
0.349563
0.349187
0.349000
0.348750
0.348563
0.348125
0.347875
0.347625
0.347125
0.346938
0.346688
0.346250
0.345937
0.345688
0.345438
0.345000
0.344687
0.344438
0.344000
0.343812
0.343563
0.343125
0.342875
0.342625
0.342438
0.342125
0.341938
0.341812
0.341750
0.341938
0.342313
0.343188
0.343625
0.343937
0.344250
0.344687
0.344813
0.344875
0.344813
0.344750
0.344750
0.344438
0.344250
0.344063
0.343812
0.343375
0.343125
0.342750
0.342062
0.341750
0.341313
0.340625
0.340250
0.340062
0.339875
0.339500
0.339375
0.339188
0.338937
0.338937
0.338875
0.338688
0.338438
0.338375
0.338250
0.337875
0.337625
0.337438
0.337063
0.336812
0.336563
0.336375
0.335875
0.335625
0.335375
0.335000
0.334750
0.334500
0.334063
0.333875
0.333625
0.333438
0.332938
0.332687
0.332437
0.331875
0.331688
0.331500
0.331063
0.330938
0.330750
0.330687
0.330625
0.330813
0.331187
0.332000
0.332375
0.332750
0.333250
0.333438
0.333562
0.333562
0.333625
0.333562
0.333438
0.333188
0.333063
0.332813
0.332437
0.332250
0.331938
0.331688
0.331000
0.330750
0.330312
0.329688
0.329375
0.329125
0.328688
0.328562
0.328375
0.328250
0.328000
0.327875
0.327750
0.327563
0.327375
0.327250
0.327062
0.326813
0.326688
0.326500
0.326125
0.325938
0.325750
0.325250
0.325125
0.324813
0.324563
0.324063
0.323875
0.323688
0.323250
0.323000
0.322813
0.322375
0.322188
0.322000
0.321750
0.321312
0.321125
0.320875
0.320438
0.320250
0.320000
0.319687
0.319563
0.319563
0.319563
0.320125
0.320563
0.320938
0.321750
0.322062
0.322313
0.322625
0.322688
0.322750
0.322688
0.322625
0.322562
0.322375
0.322062
0.321938
0.321687
0.321250
0.321000
0.320750
0.320438
0.319687
0.319375
0.319125
0.318438
0.318250
0.318000
0.317813
0.317438
0.317313
0.317188
0.316938
0.316812
0.316688
0.316438
0.316250
0.316063
0.315937
0.315562
0.315375
0.315125
0.314750
0.314500
0.314188
0.313750
0.313500
0.313250
0.313000
0.312438
0.312250
0.312000
0.311500
0.311313
0.311063
0.310625
0.310438
0.310250
0.310000
0.309500
0.309313
0.309063
0.308688
0.308500
0.308250
0.307813
0.307625
0.307375
0.307250
0.306937
0.306813
0.306813
0.307250
0.307687
0.308125
0.308812
0.309063
0.309313
0.309438
0.309563
0.309563
0.309563
0.309375
0.309313
0.309125
0.308938
0.308562
0.308375
0.308188
0.307625
0.307312
0.307063
0.306375
0.306125
0.305750
0.305438
0.304875
0.304625
0.304437
0.304062
0.303938
0.303750
0.303562
0.303500
0.303375
0.303250
0.302938
0.302750
0.302625
0.302188
0.302063
0.301813
0.301437
0.301187
0.301000
0.300688
0.300250
0.300000
0.299813
0.299313
0.299062
0.298687
0.298312
0.298063
0.297812
0.297563
0.297125
0.296875
0.296625
0.296250
0.296062
0.295875
0.295438
0.295250
0.295063
0.294875
0.294500
0.294250
0.294062
0.293625
0.293438
0.293187
0.293000
0.292625
0.292500
0.292375
0.292250
0.292375
0.292688
0.293375
0.293688
0.294000
0.294250
0.294500
0.294563
0.294563
0.294437
0.294375
0.294250
0.293938
0.293688
0.293500
0.293313
0.292813
0.292625
0.292313
0.291750
0.291500
0.291125
0.290563
0.290313
0.290062
0.289875
0.289562
0.289313
0.289188
0.289000
0.288875
0.288750
0.288500
0.288375
0.288250
0.288125
0.287812
0.287625
0.287438
0.287063
0.286937
0.286687
0.286250
0.286063
0.285812
0.285562
0.285125
0.284938
0.284687
0.284312
0.284063
0.283812
0.283625
0.283125
0.282938
0.282750
0.282313
0.282125
0.282000
0.281625
0.281375
0.281250
0.281063
0.280688
0.280562
0.280375
0.280000
0.279875
0.279688
0.279250
0.279125
0.278875
0.278750
0.278437
0.278250
0.278188
0.278625
0.279125
0.279625
0.280625
0.281125
0.281500
0.281813
0.282375
0.282500
0.282625
0.282813
0.282750
0.282750
0.282687
0.282625
0.282500
0.282375
0.282125
0.282000
0.281875
0.281500
0.281188
0.281063
0.280813
0.280688
0.280688
0.280688
0.280688
0.280688
0.280688
0.280813
0.280875
0.280938
0.280938
0.280938
0.280875
0.280813
0.280750
0.280625
0.280625
0.280437
0.280375
0.280250
0.280250
0.279875
0.279813
0.279688
0.279500
0.279375
0.279312
0.279063
0.278938
0.278750
0.278688
0.278500
0.278375
0.278313
0.278063
0.278000
0.277875
0.277688
0.277625
0.277562
0.277375
0.277250
0.277125
0.277125
0.276938
0.276875
0.276875
0.276875
0.276938
0.277188
0.277625
0.278688
0.279188
0.279562
0.280313
0.280500
0.280688
0.280813
0.280875
0.280813
0.280750
0.280562
0.280375
0.280250
0.279813
0.279562
0.279438
0.278938
0.278688
0.278375
0.278063
0.277500
0.277250
0.277000
0.276688
0.276500
0.276375
0.276188
0.276125
0.276000
0.276000
0.276000
0.275938
0.275875
0.275750
0.275687
0.275563
0.275500
0.275250
0.275125
0.275000
0.274688
0.274437
0.274312
0.274063
0.273813
0.273625
0.273500
0.273187
0.273000
0.272812
0.272563
0.272438
0.272312
0.272063
0.271937
0.271813
0.271688
0.271438
0.271250
0.271188
0.270875
0.270813
0.270688
0.270438
0.270313
0.270187
0.270063
0.269875
0.269875
0.269937
0.270625
0.271125
0.271563
0.272438
0.272750
0.273062
0.273187
0.273375
0.273375
0.273313
0.273062
0.272938
0.272750
0.272563
0.272000
0.271688
0.271375
0.270563
0.270125
0.269563
0.268438
0.267750
0.267062
0.266375
0.265125
0.264500
0.263937
0.262812
0.262375
0.261813
0.260875
0.260375
0.260000
0.259500
0.258563
0.258125
0.257688
0.256750
0.256188
0.255687
0.254750
0.254312
0.253750
0.253313
0.252375
0.251938
0.251437
0.250500
0.250062
0.249625
0.248688
0.248312
0.247813
0.247438
0.246625
0.246187
0.245750
0.245000
0.244563
0.244125
0.243375
0.243000
0.242625
0.242250
0.241438
0.241000
0.240750
0.240125
0.239750
0.239625
0.239563
0.239688
0.239812
0.239875
0.239937
0.239875
0.239750
0.239250
0.239063
0.238750
0.238500
0.237813
0.237438
0.237000
0.236250
0.235875
0.235500
0.234750
0.234250
0.233875
0.233500
0.232625
0.232250
0.231813
0.231063
0.230750
0.230438
0.229875
0.229625
0.229312
0.229125
0.228625
0.228313
0.228063
0.227562
0.227250
0.226938
0.226375
0.226000
0.225750
0.225375
0.224750
0.224375
0.224063
0.223375
0.223000
0.222688
0.222000
0.221750
0.221375
0.221062
0.220375
0.220125
0.219813
0.219125
0.218812
0.218500
0.218187
0.217625
0.217313
0.217125
0.216750
0.216500
0.216375
0.215937
0.215750
0.215563
0.215313
0.214875
0.214750
0.214750
0.214937
0.215062
0.215125
0.215125
0.215000
0.214813
0.214563
0.214125
0.213813
0.213500
0.212938
0.212563
0.212250
0.211500
0.211188
0.210812
0.210438
0.209687
0.209313
0.209000
0.208188
0.207813
0.207500
0.206875
0.206563
0.206250
0.206000
0.205563
0.205250
0.205063
0.204562
0.204313
0.204063
0.203500
0.203250
0.203000
0.202625
0.202125
0.201750
0.201500
0.200750
0.200500
0.200125
0.199875
0.199188
0.198875
0.198500
0.197938
0.197562
0.197313
0.196688
0.196375
0.196125
0.195812
0.195125
0.194813
0.194563
0.194000
0.193688
0.193375
0.192813
0.192438
0.192188
0.191813
0.191375
0.191063
0.190938
0.190563
0.190500
0.190563
0.190625
0.190625
0.190625
0.190500
0.190313
0.190125
0.189875
0.189375
0.189063
0.188875
0.188125
0.187813
0.187500
0.187188
0.186500
0.186188
0.185813
0.185125
0.184813
0.184563
0.183875
0.183625
0.183313
0.183125
0.182688
0.182438
0.182250
0.181813
0.181625
0.181438
0.181250
0.180750
0.180562
0.180250
0.179750
0.179500
0.179250
0.178625
0.178375
0.178125
0.177875
0.177250
0.177000
0.176688
0.176125
0.175875
0.175625
0.175125
0.174813
0.174500
0.174250
0.173688
0.173438
0.173125
0.172563
0.172375
0.172125
0.171625
0.171250
0.171063
0.170750
0.170313
0.170000
0.169875
0.169563
0.169625
0.169625
0.169687
0.169625
0.169625
0.169500
0.169250
0.169125
0.168875
0.168438
0.168187
0.167938
0.167375
0.167063
0.166688
0.166438
0.165813
0.165563
0.165250
0.164562
0.164313
0.164063
0.163500
0.163250
0.162938
0.162813
0.162312
0.162188
0.161938
0.161563
0.161375
0.161250
0.160938
0.160500
0.160375
0.160188
0.159625
0.159375
0.159125
0.158563
0.158375
0.158125
0.157875
0.157313
0.157063
0.156813
0.156375
0.156063
0.155875
0.155375
0.155125
0.154813
0.154625
0.154125
0.153875
0.153625
0.153250
0.152875
0.152750
0.152250
0.152125
0.151875
0.151688
0.151313
0.151188
0.151063
0.151125
0.151125
0.151188
0.151188
0.151125
0.151125
0.150875
0.150563
0.150313
0.150125
0.149688
0.149438
0.149188
0.148813
0.148563
0.148438
0.148250
0.147813
0.147563
0.147313
0.146813
0.146500
0.146250
0.146000
0.145625
0.145375
0.145250
0.144813
0.144688
0.144438
0.144187
0.144000
0.143813
0.143563
0.143187
0.143000
0.142813
0.142313
0.142125
0.141875
0.141438
0.141250
0.141000
0.140750
0.140250
0.140000
0.139813
0.139313
0.139125
0.138875
0.138500
0.138313
0.138063
0.137875
0.137375
0.137250
0.137000
0.136563
0.136375
0.136188
0.135688
0.135563
0.135313
0.135188
0.134938
0.134875
0.134875
0.134938
0.134938
0.135000
0.134813
0.134688
0.134500
0.134375
0.134000
0.133813
0.133563
0.133188
0.132938
0.132687
0.132500
0.132000
0.131813
0.131625
0.131188
0.130938
0.130688
0.130250
0.130063
0.129875
0.129688
0.129375
0.129188
0.129063
0.128688
0.128562
0.128438
0.128188
0.128000
0.127688
0.127562
0.127188
0.127000
0.126813
0.126375
0.126188
0.126000
0.125563
0.125313
0.125188
0.125000
0.124625
0.124437
0.124250
0.123875
0.123750
0.123500
0.123187
0.123000
0.122875
0.122625
0.122312
0.122125
0.122062
0.121687
0.121500
0.121312
0.121000
0.120813
0.120750
0.120563
0.120375
0.120438
0.120375
0.120438
0.120375
0.120375
0.120250
0.120000
0.119813
0.119625
0.119313
0.119062
0.118875
0.118437
0.118250
0.118000
0.117750
0.117313
0.117125
0.116875
0.116500
0.116188
0.115937
0.115437
0.115188
0.115000
0.114812
0.114375
0.114188
0.113937
0.113500
0.113250
0.113000
0.112500
0.112250
0.111937
0.111750
0.111125
0.110812
0.110500
0.109875
0.109625
0.109312
0.108687
0.108375
0.108125
0.107813
0.107125
0.106813
0.106500
0.105875
0.105625
0.105250
0.104688
0.104313
0.104062
0.103688
0.103125
0.102750
0.102625
0.102125
0.101875
0.101563
0.101313
0.100937
0.100687
0.100563
0.100188
0.100062
0.099938
0.099812
0.099625
0.099563
0.099312
0.099063
0.098750
0.098563
0.098125
0.098000
0.097813
0.097187
0.096937
0.096625
0.096312
0.095937
0.095563
0.095375
0.094750
0.094500
0.094188
0.093562
0.093250
0.093000
0.092750
0.092125
0.091813
0.091500
0.090938
0.090625
0.090313
0.089687
0.089375
0.089062
0.088750
0.088063
0.087750
0.087375
0.086687
0.086375
0.086000
0.085250
0.084875
0.084500
0.084187
0.083500
0.083063
0.082750
0.082062
0.081688
0.081312
0.080937
0.080250
0.079938
0.079625
0.079000
0.078625
0.078375
0.077688
0.077375
0.077062
0.076812
0.076187
0.075937
0.075625
0.075187
0.075000
0.074875
0.074312
0.074062
0.073937
0.073812
0.073437
0.073375
0.073250
0.072875
0.072750
0.072500
0.072125
0.071875
0.071687
0.071500
0.071062
0.070875
0.070625
0.070187
0.070000
0.069687
0.069250
0.068875
0.068625
0.068375
0.067813
0.067562
0.067313
0.066750
0.066437
0.066188
0.065687
0.065375
0.065125
0.064875
0.064313
0.064063
0.063812
0.063313
0.063062
0.062875
0.062375
0.062188
0.061875
0.061687
0.061187
0.061062
0.060750
0.060250
0.060062
0.059812
0.059562
0.059125
0.058875
0.058687
0.058250
0.058063
0.057813
0.057375
0.057187
0.057000
0.056812
0.056500
0.056375
0.056188
0.055938
0.055750
0.055625
0.055250
0.055062
0.054812
0.054688
0.054188
0.054062
0.053875
0.053438
0.053250
0.053063
0.052750
0.052500
0.052375
0.052187
0.051813
0.051625
0.051563
0.052312
0.052250
0.052062
0.051813
0.051625
0.051500
0.051250
0.050875
0.050625
0.050500
0.050125
0.049938
0.049750
0.049375
0.049250
0.049063
0.048875
0.048500
0.048312
0.048250
0.047750
0.047625
0.047500
0.047375
0.047000
0.046813
0.046687
0.046312
0.046188
0.046000
0.045750
0.045562
0.045375
0.045250
0.044937
0.044813
0.044687
0.044312
0.044187
0.044000
0.043812
0.043625
0.043500
0.043375
0.043187
0.043125
0.043063
0.042813
0.042687
0.042562
0.042250
0.042188
0.042000
0.041875
0.041625
0.041563
0.041375
0.041125
0.040937
0.040875
0.040625
0.040500
0.040375
0.040250
0.039937
0.039937
0.039750
0.039562
0.039375
0.039313
0.039063
0.039000
0.038812
0.038750
0.038562
0.038375
0.038312
0.038125
0.038063
0.037875
0.037813
0.037562
0.037500
0.037375
0.037188
0.037000
0.036937
0.036687
0.036562
0.036438
0.036375
0.036188
0.036063
0.035937
0.035750
0.035687
0.035562
0.035375
0.035250
0.035125
0.035062
0.034875
0.034750
0.034687
0.034437
0.034375
0.034250
0.034125
0.034000
0.033937
0.033937
0.033750
0.033625
0.033687
0.033438
0.033375
0.033250
0.033125
0.033000
0.032938
0.032875
0.032750
0.032687
0.032562
0.032313
0.032250
0.032187
0.032000
0.031937
0.031812
0.031812
0.031562
0.031562
0.031375
0.031250
0.031125
0.031125
0.031000
0.030938
0.030750
0.030750
0.030625
0.030562
0.030437
0.030375
0.030250
0.030188
0.030188
0.029938
0.029875
0.029750
0.029625
0.029500
0.029437
0.029313
0.029375
0.029313
0.029250
0.029188
0.029125
0.029125
0.029062
0.029062
0.029062
0.029188
0.029188
0.029188
0.029188
0.029250
0.029188
0.029188
0.029188
0.029125
0.029062
0.029062
0.029000
0.029000
0.028875
0.028875
0.028875
0.028812
0.028750
0.028750
0.028687
0.028625
0.028500
0.028562
0.028437
0.028250
0.028187
0.028125
0.028000
0.027937
0.027937
0.027937
0.027813
0.027875
0.027875
0.027875
0.027813
0.027813
0.027813
0.027750
0.027813
0.027813
0.027813
0.027813
0.027750
0.027688
0.027750
0.027625
0.027500
0.027500
0.027437
0.027375
0.027250
0.027125
0.027063
0.026937
0.026875
0.026750
0.026625
0.026625
0.026500
0.026438
0.026375
0.026312
0.026250
0.026125
0.026125
0.026125
0.026000
0.025937
0.025875
0.025812
0.025750
0.025687
0.025625
0.025625
0.025562
0.025500
0.025437
0.025375
0.025375
0.025375
0.025312
0.025250
0.025312
0.025312
0.025250
0.025312
0.025312
0.025312
0.025312
0.025375
0.025500
0.025500
0.025562
0.025687
0.025750
0.025687
0.025750
0.025625
0.025625
0.025562
0.025437
0.025437
0.025375
0.025312
0.025187
0.025125
0.025125
0.025062
0.025000
0.025000
0.024937
0.024937
0.024875
0.024875
0.024750
0.024812
0.024750
0.024750
0.024625
0.024625
0.024563
0.024563
0.024563
0.024500
0.024500
0.024500
0.024375
0.024437
0.024437
0.024437
0.024437
0.024437
0.024375
0.024375
0.024312
0.024250
0.024187
0.024125
0.024000
0.024000
0.023937
0.023812
0.023750
0.023688
0.023688
0.023562
0.023500
0.023437
0.023437
0.023437
0.023437
0.023375
0.023375
0.023313
0.023250
0.023125
0.023062
0.022937
0.022875
0.022813
0.022625
0.022500
0.022437
0.022375
0.022250
0.022312
0.022312
0.022312
0.022250
0.022250
0.022250
0.022250
0.022250
0.022250
0.022187
0.022187
0.022125
0.022125
0.022125
0.022125
0.022187
0.022062
0.022000
0.022000
0.021812
0.021750
0.021625
0.021438
0.021438
0.021250
0.021125
0.021062
0.021062
0.021000
0.020938
0.020875
0.020938
0.020875
0.020875
0.020750
0.020687
0.020750
0.020750
0.020750
0.020750
0.020687
0.020687
0.020625
0.020625
0.020687
0.020687
0.020625
0.020687
0.020625
0.020562
0.020625
0.020562
0.020500
0.020437
0.020375
0.020312
0.020250
0.020188
0.020062
0.020000
0.019937
0.019875
0.019875
0.019812
0.019812
0.019812
0.019750
0.019750
0.019687
0.019625
0.019500
0.019500
0.019437
0.019375
0.019312
0.019312
0.019250
0.019250
0.019187
0.019187
0.019000
0.019000
0.018875
0.018875
0.018750
0.018750
0.018687
0.018687
0.018625
0.018562
0.018437
0.018500
0.018375
0.018312
0.018250
0.018187
0.018125
0.018062
0.018062
0.018000
0.018000
0.017875
0.017875
0.017875
0.017812
0.017750
0.017750
0.017687
0.017625
0.017625
0.017562
0.017500
0.017562
0.017438
0.017438
0.017375
0.017438
0.017313
0.017250
0.017250
0.017187
0.017187
0.017187
0.017125
0.017062
0.017125
0.017062
0.017125
0.017062
0.017062
0.017000
0.017062
0.017000
0.017000
0.016937
0.016937
0.016937
0.016937
0.016875
0.016875
0.016812
0.016812
0.016750
0.016750
0.016750
0.016687
0.016687
0.016625
0.016625
0.016562
0.016562
0.016562
0.016562
0.016438
0.016500
0.016438
0.016438
0.016375
0.016312
0.016375
0.016312
0.016250
0.016250
0.016250
0.016187
0.016187
0.016125
0.016125
0.016125
0.016125
0.016062
0.016125
0.016062
0.016125
0.016062
0.016062
0.016000
0.016062
0.016000
0.015937
0.015937
0.015875
0.015937
0.015875
0.015812
0.015812
0.015812
0.015812
0.015812
0.015750
0.015750
0.015750
0.015687
0.015687
0.015687
0.015625
0.015562
0.015625
0.015625
0.015625
0.015562
0.015500
0.015562
0.015500
0.015500
0.015500
0.015437
0.015437
0.015500
0.015437
0.015375
0.015437
0.015375
0.015313
0.015313
0.015375
0.015375
0.015313
0.015313
0.015250
0.015250
0.015250
0.015188
0.015250
0.015188
0.015188
0.015125
0.015125
0.015062
0.015125
0.015062
0.015125
0.015062
0.015062
0.015000
0.015062
0.015062
0.015062
0.015000
0.015062
0.015062
0.015000
0.015000
0.015000
0.015000
0.014937
0.014875
0.014937
0.014875
0.014875
0.014875
0.014812
0.014812
0.014812
0.014812
0.014812
0.014812
0.014812
0.014812
0.014750
0.014688
0.014688
0.014688
0.014688
0.014625
0.014688
0.014688
0.014688
0.014625
0.014625
0.014625
0.014688
0.014625
0.014563
0.014625
0.014563
0.014563
0.014563
0.014500
0.014563
0.014500
0.014563
0.014500
0.014500
0.014500
0.014500
0.014500
0.014437
0.014437
0.014437
0.014500
0.014437
0.014437
0.014437
0.014500
0.014437
0.014437
0.014437
0.014375
0.014437
0.014437
0.014437
0.014437
0.014437
0.014375
0.014375
0.014437
0.014375
0.014437
0.014313
0.014313
0.014313
0.014375
0.014250
0.014250
0.014313
0.014250
0.014250
0.014250
0.014250
0.014250
0.014188
0.014188
0.014188
0.014188
0.014125
0.014188
0.014188
0.014125
0.014188
0.014125
0.014062
0.014062
0.014125
0.014062
0.014062
0.014062
0.014062
0.014062
0.014125
0.014062
0.014062
0.014062
0.014000
0.014062
0.013938
0.014000
0.014000
0.014000
0.014000
0.013938
0.013938
0.013938
0.013938
0.013938
0.013938
0.014000
0.014000
0.013938
0.013938
0.013938
0.013938
0.013875
0.013875
0.013875
0.013875
0.013875
0.013875
0.013813
0.013875
0.013875
0.013875
0.013813
0.013813
0.013750
0.013813
0.013813
0.013813
0.013750
0.013750
0.013750
0.013750
0.013750
0.013750
0.013750
0.013750
0.013687
0.013687
0.013687
0.013687
0.013687
0.013625
0.013687
0.013687
0.013687
0.013625
0.013687
0.013625
0.013625
0.013625
0.013625
0.013625
0.013625
0.013625
0.013625
0.013562
0.013625
0.013562
0.013687
0.013562
0.013625
0.013562
0.013562
0.013562
0.013562
0.013562
0.013562
0.013562
0.013562
0.013562
0.013562
0.013625
0.013562
0.013562
0.013562
0.013562
0.013562
0.013625
0.013562
0.013500
0.013562
0.013562
0.0
