0.021438
0.021500
0.021500
0.021500
0.021563
0.021500
0.021500
0.021563
0.021500
0.021438
0.021500
0.021500
0.021500
0.021438
0.021438
0.021438
0.021375
0.021375
0.021312
0.021375
0.021375
0.021375
0.021438
0.021438
0.021500
0.021500
0.021563
0.021500
0.021500
0.021500
0.021438
0.021438
0.021375
0.021312
0.021250
0.021187
0.021312
0.021250
0.021250
0.021125
0.021187
0.021187
0.021187
0.021125
0.021125
0.021125
0.021062
0.021062
0.021062
0.021125
0.021125
0.021187
0.021187
0.021187
0.021187
0.021125
0.021000
0.020938
0.020938
0.020875
0.020875
0.020875
0.020875
0.021000
0.021062
0.021062
0.021062
0.021125
0.021187
0.021187
0.021187
0.021187
0.021250
0.021312
0.021312
0.021312
0.021312
0.021312
0.021438
0.021438
0.021438
0.021375
0.021375
0.021375
0.021375
0.021375
0.021375
0.021375
0.021312
0.021312
0.021375
0.021375
0.021438
0.021563
0.021625
0.021750
0.021812
0.021937
0.021875
0.021937
0.022125
0.022125
0.022125
0.022062
0.022062
0.022000
0.022000
0.021937
0.022000
0.021937
0.021875
0.021937
0.021937
0.022000
0.022000
0.022062
0.022062
0.022562
0.023000
0.023562
0.025000
0.026187
0.027562
0.029062
0.032375
0.034312
0.036250
0.040500
0.043187
0.046500
0.057000
0.064812
0.073875
0.083375
0.096000
0.097313
0.097938
0.111375
0.119562
0.126125
0.138188
0.141937
0.147813
0.154500
0.168250
0.174250
0.179938
0.190438
0.194688
0.198000
0.201375
0.201250
0.200125
0.198313
0.193188
0.190250
0.187562
0.183125
0.181250
0.179625
0.177937
0.174813
0.173250
0.171563
0.168438
0.167188
0.166063
0.163563
0.162312
0.160938
0.159688
0.157000
0.155563
0.154062
0.151250
0.149625
0.148000
0.144625
0.142813
0.140813
0.138750
0.134125
0.131688
0.129063
0.123250
0.120125
0.117188
0.112000
0.110125
0.108562
0.107375
0.105625
0.105188
0.105250
0.107125
0.108812
0.110812
0.116188
0.119875
0.124312
0.129250
0.141125
0.147688
0.154438
0.167875
0.174313
0.180562
0.191500
0.195375
0.197875
0.199375
0.199063
0.197313
0.194875
0.189188
0.186125
0.183000
0.180125
0.175563
0.173688
0.172063
0.168875
0.167250
0.165813
0.163438
0.162188
0.160938
0.159625
0.157375
0.156375
0.155313
0.153000
0.151875
0.150563
0.147938
0.146500
0.145063
0.143625
0.140500
0.139000
0.137625
0.135063
0.134063
0.133125
0.130938
0.129625
0.128375
0.127188
0.125000
0.124000
0.123312
0.122062
0.121375
0.120813
0.120937
0.121875
0.123438
0.126188
0.134375
0.140062
0.146687
0.162250
0.171125
0.180313
0.199750
0.210125
0.221000
0.232125
0.254125
0.264188
0.272688
0.284000
0.287125
0.288313
0.288250
0.284750
0.282000
0.278688
0.271312
0.268125
0.265313
0.261313
0.260000
0.258687
0.257500
0.255375
0.254375
0.253500
0.251750
0.251063
0.250313
0.249000
0.248250
0.247375
0.246563
0.245000
0.244313
0.243750
0.242313
0.241563
0.240625
0.238750
0.237875
0.237063
0.236313
0.234875
0.234125
0.233313
0.231687
0.231063
0.230438
0.229563
0.230313
0.232813
0.237250
0.252000
0.262125
0.273937
0.300063
0.313812
0.328125
0.359313
0.376312
0.393938
0.411937
0.444000
0.456562
0.466563
0.478187
0.480812
0.481500
0.480625
0.475563
0.471625
0.467563
0.460812
0.458188
0.455875
0.451875
0.449938
0.448250
0.446687
0.443688
0.442250
0.440875
0.438188
0.436875
0.435688
0.433562
0.432563
0.431562
0.430437
0.428625
0.427813
0.427063
0.426187
0.426000
0.425750
0.425000
0.424563
0.424000
0.423563
0.422625
0.422187
0.421563
0.420375
0.419750
0.419187
0.418000
0.417500
0.416938
0.416438
0.415437
0.415813
0.418750
0.433812
0.446312
0.461937
0.501562
0.522625
0.544062
0.566187
0.612187
0.633812
0.654625
0.692375
0.705562
0.715375
0.721875
0.726687
0.725625
0.722875
0.714000
0.708250
0.702687
0.693812
0.690437
0.687500
0.684875
0.680125
0.677875
0.675750
0.671937
0.670062
0.668250
0.665062
0.663500
0.662000
0.660625
0.657938
0.656625
0.655375
0.653125
0.652000
0.650875
0.648562
0.647375
0.646312
0.645250
0.643625
0.643000
0.642500
0.642250
0.642437
0.642812
0.644062
0.644750
0.645375
0.646062
0.646875
0.646937
0.646687
0.646125
0.645750
0.645500
0.650563
0.659125
0.672187
0.689562
0.733062
0.757625
0.782000
0.830813
0.855125
0.879250
0.904250
0.944875
0.960625
0.972562
0.984937
0.987125
0.986750
0.981437
0.976750
0.971062
0.965687
0.957187
0.953750
0.950562
0.944750
0.942062
0.939625
0.935062
0.933000
0.930875
0.928938
0.925250
0.923563
0.921938
0.918812
0.917250
0.915750
0.912938
0.911563
0.910250
0.909062
0.906750
0.905500
0.904375
0.902000
0.900937
0.899938
0.898062
0.897062
0.896125
0.895312
0.894188
0.893812
0.893375
0.892812
0.892562
0.892187
0.891312
0.890688
0.890062
0.889937
0.904063
0.918562
0.937437
0.984750
1.012063
1.039375
1.064937
1.120250
1.146875
1.172125
1.209812
1.222312
1.233250
1.244313
1.246000
1.245563
1.243312
1.234687
1.229187
1.224500
1.217062
1.213937
1.210937
1.205562
1.203125
1.200750
1.198500
1.194312
1.192375
1.190500
1.187062
1.185375
1.183750
1.180688
1.179188
1.177688
1.176250
1.173563
1.172312
1.171062
1.168687
1.167375
1.166250
1.163875
1.162812
1.161750
1.160750
1.158687
1.157750
1.156750
1.154812
1.153937
1.153062
1.151312
1.150500
1.149812
1.149125
1.148125
1.147625
1.147250
1.153687
1.163062
1.176625
1.193688
1.236500
1.261562
1.287688
1.337500
1.362625
1.387875
1.432437
1.447937
1.461187
1.472125
1.484000
1.484875
1.483500
1.474875
1.469375
1.464812
1.457687
1.454437
1.451625
1.448875
1.443875
1.441500
1.439312
1.435250
1.433375
1.431500
1.427937
1.426250
1.424687
1.423062
1.420125
1.418750
1.417375
1.414688
1.413313
1.412063
1.409562
1.408437
1.407312
1.406188
1.404000
1.402937
1.401875
1.399875
1.398875
1.397938
1.396062
1.395125
1.394125
1.393375
1.391562
1.390750
1.389875
1.388125
1.387250
1.386438
1.385625
1.384250
1.383562
1.382938
1.381875
1.381375
1.380813
1.379750
1.379187
1.378625
1.377875
1.376438
1.375750
1.375000
1.373500
1.372812
1.372125
1.370750
1.370187
1.369562
1.368937
1.367625
1.367000
1.366375
1.365125
1.364500
1.363875
1.362812
1.362250
1.361750
1.361250
1.360250
1.359750
1.359187
1.358188
1.357687
1.357125
1.356125
1.355562
1.355062
1.354562
1.353562
1.353000
1.352500
1.351375
1.350875
1.350375
1.349500
1.349000
1.348438
1.347937
1.347125
1.346625
1.346187
1.345312
1.344937
1.344500
1.344062
1.343187
1.342687
1.342250
1.341375
1.341000
1.340500
1.339687
1.339313
1.338937
1.338562
1.337937
1.337625
1.337437
1.337437
1.337562
1.337500
1.337375
1.337250
1.337375
1.337188
1.336875
1.336687
1.336562
1.336187
1.335937
1.335625
1.334937
1.334687
1.334375
1.334062
1.333250
1.332875
1.332312
1.331313
1.330875
1.330562
1.330000
1.329750
1.329375
1.329062
1.328312
1.328000
1.327500
1.326938
1.326563
1.326250
1.325500
1.325125
1.324625
1.324312
1.323437
1.323000
1.322625
1.321937
1.321563
1.321187
1.320750
1.320062
1.319750
1.319375
1.318750
1.318313
1.318000
1.317188
1.316937
1.316563
1.316250
1.315625
1.315250
1.314813
1.314062
1.313687
1.313375
1.312687
1.312312
1.312062
1.311750
1.311062
1.310688
1.310312
1.309625
1.309375
1.309000
1.308687
1.308687
1.308625
1.308562
1.308313
1.308000
1.307750
1.307188
1.306813
1.306437
1.305812
1.305375
1.305063
1.304625
1.303812
1.303437
1.303125
1.302500
1.302187
1.301875
1.301187
1.300875
1.300500
1.300125
1.299437
1.299125
1.298687
1.298250
1.297937
1.297688
1.297062
1.296813
1.296500
1.296250
1.295688
1.295437
1.295063
1.294375
1.294062
1.293750
1.293437
1.292875
1.292562
1.292250
1.291563
1.291250
1.290938
1.290313
1.290063
1.289812
1.289500
1.288937
1.288750
1.288437
1.287938
1.287750
1.287562
1.287250
1.287125
1.286937
1.286813
1.286375
1.286125
1.285750
1.285125
1.284625
1.284250
1.283375
1.282938
1.282500
1.282125
1.281312
1.280750
1.280313
1.279375
1.279062
1.278750
1.278563
1.278437
1.278187
1.277938
1.277375
1.277063
1.276875
1.276188
1.275938
1.275625
1.275125
1.274937
1.274750
1.274562
1.274250
1.274000
1.273750
1.273312
1.273000
1.272750
1.272437
1.271750
1.271312
1.271062
1.270563
1.270375
1.270062
1.269750
1.269438
1.269187
1.268875
1.268375
1.268000
1.267812
1.267250
1.267000
1.266687
1.266062
1.265812
1.265563
1.265250
1.264750
1.264500
1.264250
1.263625
1.263312
1.263125
1.262500
1.262250
1.262000
1.261687
1.261062
1.260875
1.260625
1.260125
1.259812
1.259500
1.259000
1.258750
1.258500
1.258188
1.257437
1.257125
1.256812
1.256062
1.255813
1.255500
1.254875
1.254500
1.254125
1.253813
1.253188
1.252875
1.252750
1.252562
1.252500
1.252313
1.252125
1.251688
1.251375
1.251000
1.250437
1.250000
1.249688
1.248875
1.248625
1.248250
1.247937
1.247250
1.247000
1.246750
1.246187
1.245875
1.245563
1.244875
1.244437
1.244063
1.243812
1.243250
1.243000
1.242750
1.242125
1.241875
1.241562
1.241062
1.240750
1.240563
1.240125
1.239562
1.239125
1.238812
1.238062
1.237750
1.237437
1.236875
1.236500
1.236187
1.235813
1.235250
1.234938
1.234625
1.234000
1.233687
1.233375
1.232813
1.232500
1.232125
1.231812
1.231125
1.230875
1.230500
1.230000
1.229687
1.229500
1.229125
1.228625
1.228250
1.227937
1.227250
1.227000
1.226625
1.226125
1.225875
1.225562
1.225188
1.224625
1.224437
1.224250
1.224125
1.224000
1.223937
1.223688
1.223500
1.223187
1.222875
1.222312
1.222062
1.221688
1.221125
1.220687
1.220312
1.219625
1.219313
1.219000
1.218750
1.218187
1.217875
1.217563
1.216812
1.216437
1.216063
1.215500
1.215250
1.215000
1.214750
1.214187
1.213875
1.213688
1.213187
1.212937
1.212750
1.212062
1.211812
1.211562
1.211187
1.210625
1.210312
1.210062
1.209563
1.209187
1.208938
1.208625
1.208000
1.207625
1.207312
1.206750
1.206437
1.206125
1.205687
1.205375
1.205000
1.204687
1.204125
1.203875
1.203500
1.203000
1.202750
1.202437
1.201812
1.201563
1.201250
1.200937
1.200500
1.200187
1.199937
1.199312
1.199062
1.198750
1.198312
1.198187
1.198125
1.198000
1.197875
1.197750
1.197625
1.197188
1.196875
1.196625
1.195812
1.195500
1.195062
1.194750
1.194062
1.193750
1.193437
1.192812
1.192500
1.192125
1.191563
1.191187
1.190937
1.190500
1.189750
1.189500
1.189188
1.188625
1.188375
1.188125
1.187812
1.187312
1.187000
1.186687
1.186000
1.185562
1.185250
1.184437
1.184125
1.183750
1.183500
1.182750
1.182375
1.182000
1.181250
1.180938
1.180688
1.180063
1.179750
1.179375
1.179062
1.178250
1.177937
1.177438
1.176813
1.176500
1.176187
1.175500
1.175125
1.174813
1.174562
1.174000
1.173687
1.173375
1.172562
1.172187
1.171813
1.171312
1.170938
1.170688
1.170313
1.169625
1.169312
1.169000
1.168437
1.168062
1.167812
1.167562
1.167500
1.167438
1.167312
1.166813
1.166563
1.166312
1.165687
1.165250
1.164875
1.164438
1.163625
1.163187
1.162875
1.162063
1.161750
1.161312
1.160562
1.160125
1.159750
1.159312
1.158625
1.158187
1.157750
1.157000
1.156562
1.156250
1.155562
1.155313
1.155063
1.154812
1.154250
1.153937
1.153625
1.152812
1.152437
1.152125
1.151375
1.151125
1.150750
1.150437
1.149750
1.149438
1.149000
1.148375
1.148062
1.147750
1.147063
1.146687
1.146250
1.145875
1.145062
1.144750
1.144375
1.143813
1.143563
1.143312
1.142688
1.142437
1.142125
1.141875
1.141438
1.141062
1.140812
1.140187
1.139875
1.139562
1.139250
1.138625
1.138312
1.137938
1.137250
1.137000
1.136687
1.136125
1.135875
1.135563
1.135437
1.135125
1.135000
1.134875
1.134562
1.134437
1.134125
1.133500
1.133000
1.132562
1.132063
1.131188
1.130813
1.130500
1.129750
1.129437
1.129125
1.128375
1.128062
1.127750
1.127313
1.126562
1.126062
1.125687
1.125062
1.124750
1.124437
1.123813
1.123562
1.123250
1.122812
1.122187
1.121812
1.121375
1.120625
1.120250
1.119812
1.119125
1.118750
1.118375
1.118062
1.117437
1.117187
1.116937
1.116375
1.116125
1.115750
1.115375
1.114562
1.114187
1.113750
1.113062
1.112687
1.112250
1.111688
1.111375
1.111063
1.110750
1.110062
1.109812
1.109375
1.108625
1.108125
1.107750
1.107000
1.106750
1.106437
1.106187
1.105562
1.105312
1.104938
1.104437
1.104187
1.104000
1.103812
1.103750
1.103750
1.103750
1.103375
1.103125
1.102813
1.102312
1.102000
1.101625
1.100813
1.100312
1.099875
1.099563
1.098750
1.098375
1.098125
1.097437
1.097062
1.096625
1.095687
1.095188
1.094750
1.094437
1.094000
1.093750
1.093500
1.092937
1.092563
1.092375
1.092062
1.091500
1.091250
1.090812
1.090062
1.089750
1.089313
1.088812
1.088500
1.088250
1.087875
1.087250
1.086938
1.086687
1.086000
1.085750
1.085438
1.084937
1.084687
1.084375
1.084000
1.083500
1.083187
1.082875
1.082375
1.082062
1.081687
1.081063
1.080750
1.080375
1.080000
1.079437
1.079187
1.078812
1.078187
1.077813
1.077625
1.077000
1.076687
1.076563
1.076437
1.076313
1.076250
1.076125
1.075812
1.075625
1.075375
1.074750
1.074312
1.073875
1.073500
1.072813
1.072438
1.072062
1.071375
1.071000
1.070562
1.070187
1.069563
1.069312
1.068875
1.068187
1.067812
1.067500
1.067000
1.066687
1.066375
1.066062
1.065438
1.065187
1.064937
1.064375
1.064125
1.063750
1.063187
1.062937
1.062625
1.062375
1.061687
1.061437
1.061125
1.060500
1.060250
1.059937
1.059375
1.059000
1.058750
1.058437
1.057875
1.057438
1.057188
1.056500
1.056125
1.055812
1.055250
1.055000
1.054687
1.054375
1.053687
1.053313
1.053000
1.052312
1.052062
1.051813
1.051250
1.051000
1.050750
1.050625
1.050437
1.050500
1.050375
1.050312
1.050125
1.050000
1.049687
1.049000
1.048625
1.048250
1.047375
1.047000
1.046563
1.045875
1.045625
1.045250
1.044937
1.044188
1.043875
1.043500
1.042625
1.042125
1.041750
1.041188
1.041000
1.040750
1.040562
1.040063
1.039875
1.039500
1.038937
1.038563
1.038250
1.037625
1.037312
1.036937
1.036562
1.035812
1.035437
1.035000
1.034250
1.033875
1.033500
1.032812
1.032437
1.032125
1.031875
1.031188
1.030875
1.030500
1.029688
1.029250
1.028813
1.028125
1.027812
1.027562
1.027187
1.026562
1.026188
1.025812
1.024937
1.024500
1.024062
1.023687
1.022812
1.022500
1.022187
1.021625
1.021312
1.021000
1.020437
1.020250
1.020187
1.020187
1.020250
1.020125
1.020062
1.019625
1.019375
1.019000
1.018187
1.017688
1.017250
1.016750
1.015875
1.015313
1.014937
1.014187
1.013875
1.013500
1.012875
1.012500
1.012063
1.011562
1.010625
1.010313
1.009938
1.009375
1.009125
1.008750
1.008062
1.007875
1.007500
1.007187
1.006562
1.006188
1.005875
1.005187
1.004750
1.004375
1.003500
1.003125
1.002687
1.002375
1.001688
1.001312
1.000875
1.000125
0.999687
0.999312
0.999000
0.998375
0.998062
0.997688
0.997000
0.996625
0.996312
0.995562
0.995250
0.994937
0.994563
0.993812
0.993500
0.993062
0.992375
0.992000
0.991750
0.991063
0.990687
0.990312
0.990000
0.989125
0.988875
0.988562
0.987938
0.987625
0.987375
0.987063
0.987000
0.987000
0.987063
0.987063
0.986937
0.986937
0.986500
0.986125
0.985688
0.984750
0.984250
0.983750
0.983187
0.982312
0.981812
0.981437
0.980687
0.980375
0.980000
0.979125
0.978562
0.978000
0.977437
0.976625
0.976375
0.976062
0.975500
0.975187
0.974938
0.974625
0.974000
0.973625
0.973188
0.972437
0.972125
0.971625
0.970812
0.970500
0.970125
0.969750
0.968937
0.968500
0.968125
0.967375
0.967000
0.966563
0.965812
0.965500
0.965125
0.964750
0.964062
0.963687
0.963313
0.962500
0.962125
0.961750
0.961063
0.960750
0.960437
0.960188
0.959500
0.959250
0.958875
0.958063
0.957625
0.957312
0.956625
0.956312
0.955875
0.955625
0.954938
0.954500
0.954125
0.953500
0.953250
0.953062
0.953000
0.952937
0.952937
0.953000
0.953062
0.953000
0.952937
0.952437
0.952187
0.951688
0.951250
0.950125
0.949500
0.948875
0.947812
0.947375
0.947000
0.946250
0.945812
0.945312
0.944875
0.943688
0.943125
0.942750
0.942125
0.941875
0.941562
0.940937
0.940625
0.940312
0.939875
0.939250
0.938875
0.938438
0.937750
0.937375
0.937000
0.936312
0.936000
0.935687
0.935313
0.934625
0.934313
0.933937
0.933250
0.932875
0.932500
0.931937
0.931687
0.931312
0.931062
0.930375
0.930000
0.929562
0.928938
0.928500
0.928187
0.927500
0.927125
0.926688
0.926313
0.925500
0.925125
0.924687
0.924000
0.923625
0.923250
0.922875
0.922312
0.922000
0.921750
0.921187
0.921000
0.920875
0.920687
0.920687
0.920687
0.920687
0.920562
0.920375
0.920125
0.919312
0.918750
0.918250
0.917000
0.916500
0.916000
0.915500
0.914562
0.914188
0.913750
0.912938
0.912500
0.912000
0.910937
0.910437
0.910062
0.909750
0.909187
0.908875
0.908500
0.908000
0.907687
0.907375
0.906812
0.906437
0.906062
0.905687
0.904750
0.904312
0.903938
0.903000
0.902625
0.902250
0.901437
0.901000
0.900563
0.900062
0.899187
0.898812
0.898375
0.897500
0.897062
0.896687
0.896375
0.895750
0.895375
0.895000
0.894188
0.893937
0.893500
0.892750
0.892375
0.892125
0.891812
0.891187
0.890812
0.890500
0.889750
0.889500
0.889188
0.888687
0.888562
0.888562
0.888500
0.888687
0.888750
0.888875
0.888937
0.888812
0.888562
0.887812
0.887438
0.886875
0.886250
0.884938
0.884375
0.883875
0.882875
0.882437
0.882125
0.881250
0.880750
0.880187
0.879687
0.878687
0.878250
0.877750
0.877125
0.876875
0.876750
0.876313
0.876000
0.875625
0.875375
0.874625
0.874250
0.873812
0.873000
0.872625
0.872125
0.871687
0.870938
0.870562
0.870187
0.869375
0.868937
0.868625
0.867813
0.867437
0.867062
0.866750
0.866063
0.865750
0.865250
0.864500
0.864062
0.863750
0.863062
0.862750
0.862438
0.862125
0.861375
0.861000
0.860562
0.859812
0.859562
0.859187
0.858563
0.858250
0.857875
0.857562
0.856937
0.856562
0.856312
0.855937
0.855812
0.855687
0.855812
0.855875
0.855937
0.856062
0.856125
0.856125
0.855937
0.855250
0.854687
0.854187
0.852937
0.852375
0.851688
0.851062
0.850125
0.849750
0.849375
0.848625
0.848188
0.847687
0.847125
0.846000
0.845563
0.845312
0.844750
0.844562
0.844250
0.843813
0.843687
0.843437
0.843125
0.842562
0.842250
0.841812
0.841062
0.840687
0.840250
0.839500
0.839188
0.838687
0.838250
0.837375
0.836937
0.836437
0.835688
0.835312
0.834937
0.834187
0.833750
0.833312
0.832875
0.832187
0.831812
0.831500
0.830687
0.830375
0.829938
0.829063
0.828625
0.828250
0.827750
0.826937
0.826500
0.826125
0.825375
0.825000
0.824500
0.823812
0.823500
0.823250
0.823000
0.822562
0.822250
0.822000
0.821687
0.821813
0.822000
0.822250
0.822875
0.823250
0.823500
0.823750
0.823750
0.823563
0.822937
0.822375
0.821875
0.821250
0.819937
0.819250
0.818562
0.817375
0.816812
0.816312
0.815250
0.814625
0.814062
0.813500
0.812563
0.812187
0.811937
0.811437
0.811250
0.811000
0.810375
0.810125
0.809875
0.809562
0.808937
0.808687
0.808375
0.807625
0.807125
0.806687
0.805875
0.805500
0.805000
0.804687
0.803938
0.803625
0.803250
0.802562
0.802188
0.801813
0.801187
0.800812
0.800500
0.800312
0.799812
0.799562
0.799250
0.798500
0.798125
0.797750
0.797375
0.796750
0.796500
0.796125
0.795562
0.795187
0.794937
0.794125
0.793812
0.793500
0.793187
0.792437
0.792125
0.791750
0.791188
0.791062
0.791062
0.791312
0.791500
0.791687
0.791937
0.792187
0.792313
0.792250
0.792000
0.791625
0.791250
0.790187
0.789500
0.788875
0.788125
0.786687
0.785812
0.785125
0.783687
0.783062
0.782437
0.781250
0.780750
0.780437
0.780000
0.779375
0.779062
0.778812
0.778375
0.778125
0.777937
0.777312
0.776937
0.776562
0.776125
0.775437
0.775125
0.774750
0.773875
0.773375
0.772937
0.771875
0.771438
0.770937
0.770437
0.769500
0.769125
0.768750
0.768062
0.767687
0.767375
0.767000
0.766312
0.766000
0.765562
0.764875
0.764500
0.764125
0.763437
0.763062
0.762750
0.762375
0.761687
0.761375
0.761063
0.760562
0.760250
0.759938
0.759500
0.759500
0.759500
0.759750
0.760375
0.760812
0.761187
0.761937
0.762187
0.762375
0.762687
0.762750
0.762750
0.762562
0.762000
0.761500
0.761000
0.759812
0.759125
0.758375
0.756750
0.755875
0.755000
0.754062
0.752125
0.751437
0.750875
0.750125
0.749875
0.749562
0.749000
0.748750
0.748500
0.748250
0.747812
0.747500
0.747125
0.746375
0.746000
0.745562
0.745125
0.744250
0.743750
0.743250
0.742375
0.742000
0.741562
0.740750
0.740313
0.739937
0.739375
0.738625
0.738187
0.737812
0.737062
0.736750
0.736312
0.735625
0.735187
0.734812
0.734375
0.733625
0.733375
0.733062
0.732500
0.732187
0.731875
0.731500
0.731500
0.731625
0.731812
0.732562
0.733062
0.733500
0.734375
0.734750
0.735125
0.735625
0.735812
0.735937
0.735875
0.734875
0.734312
0.733687
0.732437
0.731812
0.731188
0.729875
0.729187
0.728250
0.727375
0.725500
0.724688
0.723813
0.722437
0.721812
0.721312
0.720937
0.720187
0.719937
0.719500
0.718875
0.718500
0.718125
0.717313
0.716937
0.716500
0.716125
0.715062
0.714562
0.714000
0.713063
0.712625
0.712250
0.711312
0.710875
0.710437
0.710000
0.709312
0.708875
0.708437
0.707750
0.707437
0.707000
0.706187
0.705750
0.705500
0.705125
0.704500
0.704187
0.703937
0.703250
0.702937
0.702562
0.702187
0.702250
0.702500
0.702812
0.704000
0.704687
0.705500
0.707000
0.707687
0.708312
0.709312
0.709500
0.709375
0.709063
0.708375
0.708063
0.707562
0.706750
0.706250
0.705812
0.705312
0.704312
0.703625
0.702937
0.701250
0.700437
0.699687
0.698500
0.698000
0.697625
0.697250
0.696625
0.696437
0.696312
0.695938
0.695812
0.695625
0.695063
0.694750
0.694250
0.693875
0.693000
0.692625
0.692250
0.691562
0.691187
0.690813
0.689687
0.689188
0.688687
0.688250
0.687375
0.687000
0.686625
0.685937
0.685562
0.685125
0.684375
0.683937
0.683625
0.683187
0.682500
0.682125
0.681750
0.681000
0.680812
0.680375
0.679687
0.679438
0.679062
0.678750
0.678437
0.678563
0.678812
0.679937
0.680687
0.681437
0.682250
0.683875
0.684687
0.685312
0.685875
0.685750
0.685500
0.684875
0.684500
0.684187
0.683812
0.683187
0.682875
0.682500
0.681750
0.681312
0.680625
0.679062
0.678312
0.677813
0.677187
0.676125
0.675750
0.675437
0.674625
0.674187
0.673812
0.673187
0.672687
0.672375
0.671812
0.670875
0.670500
0.669937
0.668875
0.668375
0.667813
0.666562
0.665937
0.665187
0.664562
0.663187
0.662625
0.661875
0.660625
0.659937
0.659312
0.658000
0.657375
0.656812
0.656312
0.655250
0.654750
0.654187
0.653375
0.653000
0.652625
0.652250
0.651562
0.651250
0.650875
0.650187
0.649750
0.649312
0.648500
0.648062
0.647750
0.647562
0.647500
0.647812
0.648250
0.649562
0.650437
0.651437
0.653625
0.654813
0.655937
0.656687
0.657500
0.657562
0.657687
0.657687
0.657687
0.657562
0.657312
0.657312
0.657375
0.657562
0.657500
0.657187
0.656875
0.655750
0.655187
0.654687
0.654000
0.653687
0.653437
0.653250
0.652687
0.652312
0.651937
0.651062
0.650625
0.650125
0.649125
0.648687
0.648125
0.647625
0.646312
0.645750
0.645125
0.644000
0.643312
0.642750
0.642125
0.640875
0.640187
0.639500
0.638125
0.637438
0.636687
0.635500
0.635000
0.634313
0.633687
0.632375
0.631688
0.631000
0.629750
0.629125
0.628562
0.627437
0.627000
0.626437
0.625937
0.624812
0.624250
0.623687
0.622750
0.622312
0.621937
0.621250
0.621250
0.621437
0.621937
0.623437
0.624500
0.625625
0.627937
0.629062
0.629812
0.630625
0.630813
0.631062
0.631312
0.631625
0.631688
0.631688
0.631562
0.631375
0.631250
0.630813
0.630437
0.630063
0.629562
0.628625
0.628125
0.627687
0.626750
0.626312
0.625875
0.625500
0.624875
0.624500
0.624187
0.623312
0.622937
0.622500
0.621625
0.621125
0.620687
0.620312
0.619437
0.619000
0.618562
0.617625
0.617062
0.616562
0.615562
0.615062
0.614562
0.614062
0.613000
0.612437
0.612000
0.610875
0.610250
0.609687
0.608625
0.608187
0.607750
0.607312
0.606375
0.605875
0.605437
0.604437
0.603812
0.603375
0.602375
0.601812
0.601313
0.600812
0.599937
0.599437
0.598937
0.598000
0.597625
0.597187
0.596937
0.597250
0.597750
0.598437
0.600312
0.601375
0.602562
0.604062
0.604625
0.605125
0.605437
0.605625
0.605500
0.605313
0.604875
0.604750
0.604500
0.604187
0.604000
0.603688
0.603312
0.602437
0.601875
0.601313
0.600500
0.600125
0.599812
0.598937
0.598625
0.598187
0.597938
0.597125
0.596812
0.596437
0.595812
0.595438
0.595062
0.594375
0.594000
0.593562
0.593062
0.592250
0.591812
0.591438
0.590625
0.590125
0.589750
0.588875
0.588437
0.588063
0.587562
0.586750
0.586250
0.585688
0.584687
0.584187
0.583687
0.582875
0.582500
0.582125
0.581687
0.580875
0.580500
0.580062
0.579250
0.578875
0.578437
0.578000
0.577062
0.576688
0.576312
0.575437
0.575000
0.574625
0.573812
0.573375
0.573000
0.572625
0.572750
0.573062
0.573625
0.575312
0.576125
0.576937
0.578062
0.578187
0.578125
0.578062
0.577937
0.577812
0.577750
0.577312
0.577062
0.576937
0.576500
0.576375
0.576125
0.575875
0.575062
0.574562
0.574125
0.573250
0.572937
0.572625
0.572000
0.571687
0.571312
0.570938
0.570312
0.570063
0.569750
0.569250
0.568937
0.568687
0.568000
0.567563
0.567187
0.566812
0.566250
0.565937
0.565625
0.564875
0.564500
0.564062
0.563687
0.563062
0.562750
0.562437
0.561812
0.561437
0.561000
0.560250
0.559812
0.559375
0.559000
0.558438
0.558125
0.557938
0.557500
0.557250
0.557063
0.556500
0.556188
0.555875
0.555562
0.554937
0.554562
0.554187
0.553500
0.553062
0.552688
0.552000
0.551687
0.551437
0.551250
0.551250
0.551500
0.552000
0.553250
0.553688
0.553875
0.553937
0.553937
0.553937
0.553812
0.553625
0.553563
0.553375
0.553000
0.552688
0.552437
0.551875
0.551625
0.551250
0.550875
0.550188
0.549875
0.549375
0.548687
0.548312
0.548000
0.547562
0.547000
0.546625
0.546375
0.545875
0.545625
0.545375
0.544875
0.544563
0.544312
0.543937
0.543250
0.542937
0.542562
0.541937
0.541625
0.541375
0.540750
0.540437
0.540062
0.539625
0.538813
0.538500
0.538063
0.537312
0.536937
0.536562
0.535875
0.535500
0.535187
0.534812
0.534000
0.533625
0.533250
0.532625
0.532375
0.532062
0.531375
0.531062
0.530812
0.530375
0.529687
0.529250
0.528875
0.528063
0.527687
0.527250
0.526812
0.526812
0.527062
0.527375
0.528437
0.528938
0.529312
0.529687
0.529750
0.529813
0.529813
0.529750
0.529687
0.529687
0.529437
0.529250
0.529000
0.528500
0.528187
0.527875
0.527562
0.526812
0.526312
0.526000
0.525062
0.524688
0.524312
0.523687
0.523375
0.523125
0.522812
0.522375
0.522125
0.521875
0.521187
0.520875
0.520500
0.519937
0.519750
0.519437
0.519062
0.518375
0.518062
0.517687
0.517062
0.516750
0.516437
0.515750
0.515375
0.515000
0.514750
0.513937
0.513625
0.513250
0.512500
0.512062
0.511750
0.511063
0.510687
0.510312
0.509938
0.509187
0.508875
0.508562
0.507937
0.507687
0.507437
0.507125
0.506375
0.506062
0.505813
0.505312
0.505125
0.505187
0.505437
0.505687
0.505875
0.506000
0.506062
0.506125
0.506062
0.506062
0.506000
0.506000
0.505625
0.505375
0.505125
0.504875
0.504437
0.504125
0.503812
0.503125
0.502687
0.502187
0.501375
0.500937
0.500625
0.500250
0.499625
0.499312
0.499125
0.498563
0.498375
0.498000
0.497562
0.497312
0.497000
0.496750
0.496188
0.495938
0.495625
0.495125
0.494813
0.494563
0.493938
0.493625
0.493250
0.493000
0.492313
0.492000
0.491688
0.491000
0.490625
0.490313
0.489938
0.489313
0.488937
0.488750
0.488063
0.487812
0.487375
0.486813
0.486563
0.486187
0.485812
0.485312
0.485063
0.484875
0.484437
0.484125
0.483812
0.483438
0.483438
0.483500
0.483750
0.484000
0.484125
0.484188
0.484188
0.484063
0.483875
0.483687
0.483562
0.483500
0.483375
0.483063
0.482875
0.482625
0.482188
0.481875
0.481562
0.481000
0.480750
0.480437
0.480187
0.479625
0.479312
0.479125
0.478688
0.478563
0.478375
0.478063
0.477875
0.477625
0.477375
0.476813
0.476500
0.476250
0.475937
0.475750
0.475438
0.475062
0.474313
0.474000
0.473688
0.473250
0.473000
0.472688
0.472187
0.471875
0.471563
0.471312
0.470688
0.470375
0.470125
0.469438
0.469188
0.468937
0.468375
0.468062
0.467813
0.467500
0.467062
0.466875
0.466750
0.466688
0.466750
0.466938
0.467313
0.467438
0.467625
0.467687
0.467813
0.467875
0.467937
0.467813
0.467750
0.467625
0.467438
0.467313
0.467125
0.466938
0.466563
0.466375
0.466062
0.465563
0.465313
0.464938
0.464312
0.464063
0.463813
0.463625
0.463187
0.462938
0.462688
0.462188
0.461937
0.461687
0.461313
0.461063
0.460812
0.460562
0.460000
0.459750
0.459437
0.458875
0.458625
0.458438
0.458188
0.457687
0.457437
0.457125
0.456562
0.456188
0.455938
0.455375
0.455125
0.454875
0.454625
0.453938
0.453563
0.453250
0.452688
0.452437
0.452250
0.451813
0.451562
0.451500
0.451500
0.451688
0.451688
0.451875
0.452062
0.452188
0.452188
0.452188
0.452062
0.452000
0.451813
0.451688
0.451562
0.451437
0.451187
0.450938
0.450813
0.450563
0.450375
0.450188
0.449875
0.449125
0.448750
0.448625
0.448125
0.447875
0.447688
0.447313
0.447125
0.446875
0.446625
0.446188
0.446000
0.445875
0.445500
0.445250
0.445063
0.444813
0.444375
0.444188
0.444000
0.443688
0.443438
0.443125
0.442563
0.442313
0.442062
0.441750
0.441312
0.441125
0.440875
0.440437
0.440000
0.439750
0.439000
0.438813
0.438563
0.438500
0.438125
0.438000
0.437812
0.437750
0.437750
0.437812
0.438125
0.438250
0.438437
0.438563
0.438625
0.438563
0.438437
0.438250
0.438063
0.437875
0.437375
0.437125
0.436937
0.436750
0.436500
0.436437
0.436375
0.436000
0.435688
0.435375
0.434750
0.434500
0.434250
0.434063
0.433812
0.433688
0.433562
0.433188
0.432938
0.432813
0.432687
0.432375
0.432187
0.432063
0.431562
0.431438
0.431188
0.430687
0.430437
0.430313
0.430125
0.429750
0.429562
0.429375
0.428875
0.428563
0.428250
0.427750
0.427562
0.427312
0.427125
0.426562
0.426313
0.426125
0.425563
0.425312
0.425000
0.424500
0.424313
0.424063
0.423875
0.423500
0.423375
0.423375
0.423500
0.423687
0.423937
0.424250
0.424313
0.424375
0.424250
0.424188
0.424188
0.424188
0.424125
0.424125
0.423937
0.423687
0.423625
0.423438
0.423375
0.423250
0.423125
0.422938
0.422438
0.422125
0.421750
0.421438
0.420938
0.420812
0.420625
0.420312
0.420125
0.419875
0.419375
0.419187
0.419000
0.418813
0.418312
0.418125
0.417875
0.417313
0.417188
0.416938
0.416500
0.416312
0.416063
0.415813
0.415250
0.414875
0.414562
0.414063
0.413875
0.413563
0.412938
0.412625
0.412313
0.412000
0.411375
0.411125
0.410875
0.410375
0.410125
0.409813
0.409187
0.408938
0.408563
0.408312
0.407625
0.407313
0.407063
0.406500
0.406188
0.405938
0.405437
0.405187
0.405000
0.405000
0.404938
0.405063
0.405063
0.405063
0.405000
0.405063
0.405063
0.404813
0.404687
0.404500
0.404312
0.404125
0.404063
0.403875
0.403688
0.403562
0.403375
0.403000
0.402750
0.402438
0.401750
0.401437
0.401125
0.400563
0.400312
0.399938
0.399688
0.399188
0.398937
0.398750
0.398313
0.398062
0.397875
0.397313
0.397125
0.396875
0.396625
0.396125
0.395813
0.395500
0.394937
0.394688
0.394437
0.393875
0.393563
0.393375
0.393063
0.392437
0.392062
0.391813
0.391250
0.391063
0.390750
0.390188
0.389937
0.389750
0.389375
0.388813
0.388438
0.388187
0.387625
0.387313
0.387063
0.386813
0.386250
0.386000
0.385688
0.385000
0.384750
0.384500
0.384000
0.383750
0.383563
0.383312
0.383188
0.383125
0.383125
0.383000
0.382938
0.382812
0.382688
0.382562
0.382562
0.382500
0.382313
0.382250
0.382125
0.381875
0.381688
0.381500
0.381188
0.381000
0.380813
0.380500
0.379875
0.379562
0.379188
0.378813
0.378563
0.378437
0.378125
0.378062
0.377875
0.377688
0.377250
0.377063
0.376938
0.376688
0.376563
0.376312
0.375813
0.375500
0.375187
0.375000
0.374625
0.374375
0.374187
0.373688
0.373438
0.373188
0.372875
0.372187
0.371875
0.371563
0.371000
0.370688
0.370375
0.369688
0.369375
0.369125
0.368875
0.368500
0.368313
0.368062
0.367500
0.367188
0.367000
0.366500
0.366188
0.365937
0.365625
0.365062
0.364812
0.364500
0.364063
0.363875
0.363625
0.363438
0.363438
0.363375
0.363375
0.363313
0.363250
0.363313
0.363125
0.363000
0.362875
0.362625
0.362437
0.362313
0.362125
0.361875
0.361750
0.361625
0.361250
0.361063
0.360938
0.360500
0.360250
0.359938
0.359625
0.359063
0.358875
0.358687
0.358312
0.358063
0.357938
0.357687
0.357188
0.356938
0.356687
0.356250
0.356000
0.355750
0.355250
0.354938
0.354688
0.354438
0.353938
0.353688
0.353438
0.352937
0.352625
0.352437
0.351813
0.351500
0.351187
0.350875
0.350375
0.350125
0.349875
0.349375
0.349063
0.348813
0.348188
0.347938
0.347625
0.347313
0.346875
0.346625
0.346438
0.345937
0.345688
0.345438
0.344750
0.344438
0.344250
0.343937
0.343438
0.343125
0.342937
0.342438
0.342188
0.342062
0.341938
0.342000
0.342000
0.342062
0.342125
0.341938
0.341875
0.341500
0.341375
0.341250
0.341125
0.340875
0.340813
0.340688
0.340438
0.340250
0.340062
0.339688
0.339438
0.339250
0.339063
0.338500
0.338187
0.337875
0.337250
0.337063
0.336812
0.336625
0.336437
0.336313
0.336125
0.335625
0.335375
0.335125
0.334625
0.334375
0.334125
0.333688
0.333438
0.333063
0.332750
0.332250
0.332000
0.331813
0.331438
0.331250
0.331000
0.330438
0.330125
0.329875
0.329625
0.329062
0.328813
0.328625
0.328187
0.327938
0.327813
0.327437
0.327250
0.327062
0.326875
0.326313
0.326063
0.325750
0.325375
0.325188
0.325000
0.324750
0.324250
0.323813
0.323500
0.322875
0.322562
0.322375
0.321875
0.321625
0.321312
0.321000
0.320313
0.320062
0.319813
0.319813
0.319813
0.319875
0.319937
0.319937
0.319937
0.319937
0.319750
0.319687
0.319563
0.319313
0.319313
0.319125
0.318875
0.318750
0.318625
0.318563
0.318375
0.318187
0.318000
0.317500
0.317188
0.316875
0.316500
0.316250
0.316063
0.315937
0.315562
0.315313
0.315125
0.314813
0.314687
0.314500
0.314188
0.314000
0.313875
0.313625
0.313250
0.313125
0.313000
0.312750
0.312438
0.312250
0.311938
0.311500
0.311188
0.311125
0.310688
0.310625
0.310375
0.309938
0.309687
0.309438
0.309188
0.308438
0.308125
0.307750
0.307188
0.306875
0.306563
0.306000
0.305750
0.305500
0.305250
0.304813
0.304625
0.304375
0.304062
0.303750
0.303562
0.303000
0.302750
0.302500
0.302188
0.301750
0.301437
0.301187
0.300625
0.300375
0.300188
0.299875
0.299750
0.299688
0.299625
0.299688
0.299625
0.299563
0.299437
0.299437
0.299375
0.299313
0.299188
0.299062
0.298875
0.298438
0.298250
0.298125
0.297875
0.297750
0.297688
0.297563
0.297250
0.297062
0.296688
0.296062
0.295750
0.295500
0.295125
0.294937
0.294750
0.294625
0.294313
0.294188
0.293938
0.293563
0.293375
0.293187
0.292750
0.292563
0.292375
0.292062
0.291687
0.291375
0.291188
0.290688
0.290563
0.290375
0.290062
0.289750
0.289500
0.289188
0.288750
0.288437
0.288313
0.287875
0.287750
0.287500
0.287000
0.286687
0.286438
0.286188
0.285750
0.285625
0.285438
0.285000
0.284813
0.284563
0.284250
0.284000
0.283750
0.283563
0.283125
0.282875
0.282562
0.282187
0.282125
0.281938
0.281813
0.281437
0.281312
0.281125
0.280875
0.280938
0.281000
0.281188
0.281312
0.281375
0.281500
0.281500
0.281500
0.281437
0.281188
0.281000
0.280813
0.280375
0.280250
0.280063
0.279938
0.279625
0.279500
0.279250
0.278750
0.278500
0.278188
0.277625
0.277375
0.277250
0.277063
0.276938
0.276750
0.276563
0.276125
0.276000
0.275875
0.275500
0.275313
0.275125
0.274938
0.274563
0.274375
0.274125
0.273688
0.273500
0.273250
0.272750
0.272500
0.272187
0.271937
0.271438
0.271250
0.271000
0.270688
0.270500
0.270250
0.270000
0.269375
0.269188
0.269000
0.268687
0.268500
0.268250
0.267875
0.267500
0.267250
0.267062
0.266750
0.266500
0.266250
0.265750
0.265563
0.265313
0.264937
0.264688
0.264562
0.264313
0.264125
0.264188
0.264250
0.264250
0.264250
0.264250
0.264188
0.264125
0.264000
0.263875
0.263625
0.263500
0.263313
0.263000
0.262875
0.262750
0.262563
0.262313
0.262125
0.261937
0.261625
0.261438
0.261188
0.260688
0.260563
0.260437
0.260062
0.259875
0.259688
0.259500
0.259187
0.259063
0.258812
0.258625
0.258438
0.258250
0.257813
0.257688
0.257437
0.257187
0.256875
0.256750
0.256625
0.256063
0.255875
0.255625
0.255375
0.254875
0.254688
0.254562
0.254250
0.253938
0.253750
0.253313
0.253062
0.252875
0.252625
0.252250
0.251938
0.251875
0.251312
0.251000
0.250688
0.250250
0.250062
0.249938
0.249750
0.249437
0.249250
0.249000
0.248500
0.248438
0.248375
0.248312
0.248375
0.248312
0.248312
0.248312
0.248187
0.247938
0.247375
0.247125
0.247000
0.246938
0.246875
0.246750
0.246563
0.246125
0.246000
0.245938
0.245813
0.245688
0.245375
0.244813
0.244500
0.244250
0.244062
0.243750
0.243563
0.243375
0.243187
0.243125
0.242938
0.242750
0.242250
0.242062
0.242000
0.241750
0.241625
0.241375
0.241000
0.240688
0.240500
0.240250
0.240000
0.239937
0.239812
0.239563
0.239375
0.239125
0.238563
0.238250
0.238125
0.237937
0.237688
0.237500
0.237250
0.236750
0.236500
0.236375
0.236063
0.235812
0.235687
0.235438
0.235125
0.235000
0.234812
0.234625
0.234625
0.234625
0.234625
0.234563
0.234500
0.234437
0.234375
0.234313
0.234188
0.233875
0.233625
0.233375
0.232875
0.232687
0.232625
0.232625
0.232938
0.233375
0.233875
0.234812
0.235125
0.235250
0.235250
0.235313
0.235313
0.235313
0.235313
0.235375
0.235500
0.235687
0.235687
0.235625
0.235438
0.235125
0.235000
0.234875
0.234500
0.234313
0.234063
0.233313
0.232875
0.232500
0.232188
0.231813
0.231625
0.231438
0.231000
0.230687
0.230313
0.229750
0.229563
0.229438
0.229312
0.229063
0.228875
0.228625
0.228188
0.227938
0.227625
0.227188
0.226938
0.226750
0.226563
0.226313
0.226187
0.226125
0.225938
0.225938
0.225938
0.225938
0.225813
0.225688
0.225500
0.225187
0.225063
0.224938
0.224500
0.224375
0.224187
0.224125
0.223938
0.223813
0.223625
0.223125
0.222938
0.222688
0.222312
0.222125
0.222000
0.221813
0.221375
0.221188
0.221000
0.220750
0.220688
0.220625
0.220563
0.220438
0.220250
0.220062
0.219625
0.219375
0.219187
0.219063
0.219000
0.218875
0.218438
0.218187
0.217875
0.217688
0.217313
0.217188
0.217062
0.216625
0.216375
0.216125
0.215750
0.215563
0.215375
0.215250
0.214937
0.214750
0.214500
0.214063
0.213813
0.213625
0.213375
0.213313
0.213250
0.213313
0.213188
0.213125
0.213063
0.212875
0.212875
0.212812
0.212812
0.212500
0.212375
0.212188
0.211875
0.211688
0.211688
0.211375
0.211313
0.211063
0.210938
0.210500
0.210313
0.210125
0.209750
0.209625
0.209562
0.209188
0.209000
0.208875
0.208750
0.208500
0.208438
0.208313
0.208000
0.207813
0.207625
0.207313
0.207125
0.207000
0.206813
0.206438
0.206188
0.206063
0.205687
0.205563
0.205437
0.205125
0.204875
0.204750
0.204562
0.204188
0.204063
0.203938
0.203688
0.203500
0.203375
0.203000
0.202813
0.202625
0.202312
0.202000
0.201813
0.201750
0.201563
0.201437
0.201375
0.201312
0.201188
0.201125
0.201063
0.200938
0.200938
0.200938
0.200750
0.200563
0.200437
0.200188
0.199813
0.199688
0.199500
0.199188
0.199063
0.198938
0.198813
0.198750
0.198625
0.198437
0.197813
0.197562
0.197375
0.197063
0.196875
0.196813
0.196500
0.196375
0.196187
0.196063
0.195812
0.195812
0.195688
0.195312
0.195063
0.194813
0.194313
0.194188
0.193875
0.193750
0.193313
0.193063
0.192875
0.192563
0.192500
0.192375
0.192000
0.191813
0.191563
0.191313
0.190875
0.190625
0.190500
0.190125
0.189875
0.189625
0.189437
0.189063
0.188938
0.188750
0.188438
0.188187
0.188000
0.187625
0.187438
0.187250
0.187188
0.187000
0.187000
0.186937
0.186937
0.186813
0.186875
0.186875
0.186688
0.186688
0.186563
0.186313
0.186188
0.186125
0.185875
0.185750
0.185563
0.185312
0.185062
0.185000
0.184875
0.184500
0.184375
0.184188
0.183875
0.183750
0.183563
0.183313
0.183188
0.183063
0.182875
0.182563
0.182500
0.182375
0.182125
0.182063
0.181875
0.181500
0.181313
0.181063
0.180875
0.180562
0.180500
0.180375
0.180000
0.179750
0.179500
0.179313
0.179000
0.178875
0.178688
0.178500
0.178313
0.178125
0.177625
0.177500
0.177312
0.177188
0.176875
0.176750
0.176563
0.176375
0.176125
0.176000
0.175750
0.175750
0.175625
0.175500
0.175313
0.175188
0.175125
0.174875
0.174750
0.174750
0.174688
0.174688
0.174625
0.174625
0.174375
0.174313
0.174250
0.174000
0.173812
0.173750
0.173563
0.173375
0.173187
0.173000
0.172750
0.172625
0.172500
0.172125
0.171937
0.171750
0.171375
0.171250
0.171125
0.171000
0.170813
0.170750
0.170750
0.170563
0.170375
0.170250
0.170063
0.169813
0.169625
0.169563
0.169375
0.169250
0.169062
0.168688
0.168500
0.168375
0.168250
0.168187
0.167938
0.167813
0.167500
0.167313
0.167125
0.166688
0.166500
0.166375
0.166250
0.165875
0.165750
0.165688
0.165500
0.165375
0.165250
0.164875
0.164688
0.164500
0.164313
0.164000
0.163813
0.163750
0.163563
0.163500
0.163500
0.163438
0.163375
0.163375
0.163375
0.163250
0.163188
0.163063
0.162813
0.162625
0.162438
0.162375
0.162250
0.162125
0.162063
0.161750
0.161563
0.161375
0.161250
0.161125
0.160938
0.160812
0.160438
0.160188
0.160000
0.159875
0.159812
0.159688
0.159500
0.159375
0.159188
0.159125
0.158938
0.158875
0.158750
0.158375
0.158187
0.158000
0.157625
0.157562
0.157500
0.157375
0.157125
0.156875
0.156625
0.156375
0.156312
0.156188
0.156000
0.155813
0.155625
0.155500
0.155250
0.155063
0.155000
0.154938
0.154875
0.154750
0.154500
0.154375
0.154375
0.154188
0.153875
0.153750
0.153625
0.153313
0.153125
0.152938
0.152562
0.152437
0.152250
0.152188
0.152125
0.152125
0.152125
0.152000
0.151875
0.151813
0.151688
0.151625
0.151563
0.151500
0.151313
0.151188
0.150938
0.150625
0.150438
0.150438
0.150375
0.150313
0.150250
0.150125
0.149813
0.149563
0.149438
0.149188
0.149063
0.148875
0.148750
0.148500
0.148375
0.148250
0.148063
0.148000
0.147875
0.147625
0.147438
0.147250
0.147063
0.146813
0.146750
0.146625
0.146500
0.146250
0.146188
0.145750
0.145625
0.145438
0.145313
0.144875
0.144688
0.144563
0.144313
0.144187
0.144125
0.143750
0.143563
0.143500
0.143250
0.142875
0.142688
0.142500
0.142250
0.142125
0.141937
0.141813
0.141563
0.141500
0.141375
0.141250
0.141125
0.141000
0.140750
0.140625
0.140625
0.140563
0.140438
0.140375
0.140438
0.140438
0.140438
0.140500
0.140438
0.140250
0.140250
0.140062
0.139938
0.139813
0.139688
0.139375
0.139250
0.139188
0.138938
0.138875
0.138750
0.138688
0.138500
0.138437
0.138250
0.137875
0.137625
0.137500
0.137250
0.137125
0.137063
0.137063
0.136875
0.136750
0.136563
0.136188
0.136063
0.136000
0.135938
0.135875
0.135750
0.135563
0.135250
0.135188
0.135125
0.135188
0.135188
0.135188
0.135063
0.134813
0.134688
0.134563
0.134500
0.134500
0.134375
0.134188
0.134125
0.133875
0.133750
0.133375
0.133313
0.133250
0.133188
0.133188
0.133063
0.132813
0.132687
0.132563
0.132438
0.132250
0.132063
0.131813
0.131438
0.131250
0.131125
0.130875
0.130750
0.130563
0.130375
0.130250
0.130125
0.129938
0.129562
0.129250
0.128938
0.128250
0.127813
0.127438
0.127125
0.126625
0.126438
0.126188
0.125688
0.125437
0.125125
0.124437
0.124125
0.123812
0.123500
0.122875
0.122562
0.122250
0.121687
0.121312
0.121000
0.120438
0.120313
0.120062
0.119938
0.119438
0.119187
0.118875
0.118187
0.117875
0.117562
0.117313
0.116875
0.116562
0.116250
0.115500
0.115125
0.114812
0.114125
0.113812
0.113563
0.113250
0.112437
0.112000
0.111625
0.110938
0.110625
0.110375
0.109812
0.109500
0.109187
0.108875
0.108187
0.107938
0.107625
0.107250
0.107125
0.106813
0.106313
0.105938
0.105562
0.105250
0.104688
0.104437
0.104188
0.103625
0.103250
0.102875
0.102375
0.102063
0.101750
0.101500
0.101000
0.100687
0.100375
0.099687
0.099375
0.099188
0.098688
0.098500
0.098500
0.098312
0.098125
0.097938
0.097813
0.097500
0.097250
0.097000
0.096813
0.096188
0.095937
0.095625
0.095250
0.095062
0.094812
0.094375
0.094062
0.093875
0.093562
0.093000
0.092813
0.092562
0.091937
0.091688
0.091437
0.090875
0.090625
0.090375
0.090125
0.089750
0.089437
0.089250
0.088812
0.088500
0.088250
0.087812
0.087562
0.087375
0.087125
0.086687
0.086500
0.086250
0.085812
0.085625
0.085375
0.084937
0.084750
0.084500
0.084250
0.083750
0.083500
0.083250
0.082875
0.082687
0.082500
0.082000
0.081750
0.081562
0.081375
0.081063
0.081000
0.080812
0.080563
0.080437
0.080312
0.080125
0.079688
0.079437
0.079187
0.078813
0.078562
0.078437
0.078000
0.077813
0.077562
0.077375
0.077000
0.076875
0.076687
0.076375
0.076125
0.075937
0.075625
0.075500
0.075250
0.075125
0.074813
0.074688
0.074562
0.074187
0.074062
0.073812
0.073500
0.073312
0.073187
0.073063
0.072875
0.072812
0.072687
0.072375
0.072312
0.072187
0.071813
0.071625
0.071500
0.071312
0.071000
0.070812
0.070688
0.070437
0.070250
0.070125
0.069875
0.069687
0.069500
0.069250
0.068812
0.068688
0.068500
0.068125
0.067875
0.067687
0.067438
0.066937
0.066812
0.066625
0.066437
0.066375
0.066250
0.066188
0.066000
0.065875
0.065687
0.065438
0.065312
0.065250
0.065125
0.065125
0.065062
0.064938
0.064875
0.064812
0.064750
0.064750
0.064687
0.064625
0.064562
0.064500
0.064437
0.064250
0.064063
0.063875
0.063750
0.063625
0.063688
0.063750
0.063875
0.063812
0.063750
0.063500
0.063250
0.063125
0.062937
0.062625
0.062438
0.062250
0.061875
0.061813
0.061687
0.061375
0.061187
0.061062
0.060875
0.060500
0.060250
0.060125
0.059687
0.059500
0.059250
0.059000
0.058562
0.058437
0.058250
0.057875
0.057750
0.057625
0.057375
0.057250
0.057062
0.057000
0.056687
0.056625
0.056500
0.056250
0.056125
0.055938
0.055687
0.055500
0.055375
0.055250
0.054812
0.054688
0.054500
0.054188
0.054062
0.054000
0.053812
0.053688
0.053625
0.053438
0.053187
0.053000
0.052875
0.052625
0.052500
0.052375
0.052125
0.051937
0.051750
0.051688
0.051500
0.051500
0.051500
0.051375
0.051312
0.051187
0.050937
0.050813
0.050625
0.050500
0.050250
0.050125
0.050000
0.049812
0.049750
0.049625
0.049562
0.049250
0.049187
0.049063
0.048750
0.048687
0.048687
0.048625
0.048562
0.048437
0.048312
0.048000
0.047812
0.047812
0.047688
0.047625
0.047500
0.047250
0.047125
0.047000
0.046937
0.046875
0.046875
0.046750
0.046500
0.046375
0.046250
0.046000
0.045875
0.045812
0.045750
0.045625
0.045500
0.045375
0.045125
0.045062
0.045000
0.044875
0.044813
0.044687
0.044437
0.044125
0.044063
0.044000
0.043937
0.043812
0.043812
0.043563
0.043500
0.043375
0.043375
0.043250
0.043187
0.043063
0.042813
0.042687
0.042562
0.042438
0.042312
0.042250
0.042125
0.041875
0.041813
0.041687
0.041625
0.041625
0.041625
0.041500
0.041250
0.041062
0.040875
0.040625
0.040563
0.040563
0.040437
0.040375
0.040250
0.040125
0.039750
0.039687
0.039687
0.039812
0.039812
0.039812
0.039687
0.039562
0.039375
0.039187
0.038937
0.038937
0.038812
0.038750
0.038750
0.038562
0.038312
0.038063
0.037875
0.037687
0.037625
0.037625
0.037687
0.037750
0.037625
0.037437
0.037125
0.037000
0.036937
0.036875
0.036875
0.036812
0.036687
0.036500
0.036375
0.036250
0.036125
0.035875
0.035813
0.035687
0.035500
0.035312
0.035250
0.035125
0.035062
0.034938
0.034875
0.034750
0.034687
0.034625
0.034437
0.034312
0.034250
0.034000
0.033875
0.033750
0.033687
0.033500
0.033375
0.033313
0.033250
0.033187
0.033062
0.032938
0.032875
0.032750
0.032687
0.032625
0.032562
0.032500
0.032313
0.032187
0.032125
0.031875
0.031812
0.031688
0.031625
0.031437
0.031375
0.031375
0.031187
0.031125
0.031062
0.030875
0.030813
0.030750
0.030625
0.030437
0.030375
0.030313
0.030125
0.030062
0.030062
0.029938
0.029812
0.029750
0.029687
0.029562
0.029437
0.029437
0.029313
0.029250
0.029188
0.029062
0.029000
0.028937
0.028812
0.028750
0.028687
0.028625
0.028500
0.028437
0.028375
0.028312
0.028125
0.028062
0.027937
0.027813
0.027750
0.027688
0.027562
0.027500
0.027437
0.027437
0.027312
0.027250
0.027250
0.027188
0.027188
0.027188
0.027063
0.027000
0.026937
0.026937
0.026812
0.026750
0.026687
0.026625
0.026625
0.026500
0.026375
0.026312
0.026312
0.026250
0.026125
0.026062
0.026062
0.025875
0.025812
0.025812
0.025750
0.025625
0.025562
0.025437
0.025437
0.025437
0.025375
0.025312
0.025312
0.025312
0.025250
0.025187
0.025125
0.025062
0.025000
0.024937
0.024875
0.024812
0.024812
0.024750
0.024688
0.024563
0.024500
0.024437
0.024375
0.024250
0.024187
0.024125
0.024125
0.024125
0.024062
0.024062
0.024000
0.023937
0.023937
0.023937
0.023937
0.023875
0.023812
0.023750
0.023688
0.023562
0.023500
0.023437
0.023437
0.023375
0.023375
0.023313
0.023250
0.023250
0.023187
0.023125
0.023000
0.023000
0.022875
0.022875
0.022875
0.022813
0.022813
0.022813
0.022750
0.022625
0.022562
0.022500
0.022500
0.022437
0.022437
0.022437
0.022312
0.022312
0.022250
0.022125
0.022062
0.022062
0.021937
0.021875
0.021875
0.021875
0.021750
0.021687
0.021750
0.021687
0.021750
0.021687
0.021625
0.021563
0.021500
0.021500
0.021500
0.021438
0.021375
0.021250
0.021250
0.021187
0.021312
0.021312
0.021250
0.021250
0.021187
0.021187
0.021187
0.021125
0.021125
0.021062
0.021000
0.020938
0.020938
0.020938
0.020875
0.020875
0.020875
0.020938
0.020938
0.021000
0.021062
0.021125
0.021062
0.021062
0.021062
0.021125
0.021125
0.021187
0.021125
0.021187
0.021125
0.021000
0.021000
0.020938
0.020813
0.020750
0.020687
0.020500
0.020437
0.020375
0.020375
0.020312
0.020312
0.020250
0.020250
0.020250
0.020188
0.020125
0.020125
0.020000
0.019937
0.019812
0.019812
0.019812
0.019750
0.019687
0.019687
0.019625
0.019625
0.019625
0.019562
0.019500
0.019437
0.019437
0.019375
0.019312
0.019312
0.019250
0.019250
0.019187
0.019125
0.019125
0.019125
0.019125
0.019125
0.019062
0.019062
0.019000
0.018937
0.018937
0.018875
0.018812
0.018812
0.018812
0.018812
0.018812
0.018812
0.018750
0.018625
0.018562
0.018562
0.018562
0.018500
0.018500
0.018500
0.018375
0.018375
0.018437
0.018375
0.018312
0.018312
0.018250
0.018250
0.018250
0.018187
0.018187
0.018125
0.018125
0.018125
0.018062
0.018125
0.018000
0.018000
0.018000
0.018000
0.018000
0.018000
0.017937
0.017937
0.017937
0.017937
0.017875
0.017875
0.017875
0.017875
0.017812
0.017750
0.017750
0.017687
0.017687
0.017687
0.017687
0.017687
0.017625
0.017562
0.017500
0.017438
0.017438
0.017438
0.017562
0.017438
0.017438
0.017438
0.017375
0.017375
0.017375
0.017313
0.017250
0.017250
0.017250
0.017250
0.017250
0.017187
0.017250
0.017250
0.017250
0.017187
0.017187
0.017187
0.017125
0.017125
0.017000
0.016937
0.016937
0.017000
0.016937
0.016875
0.016875
0.016812
0.016812
0.016812
0.016750
0.016750
0.016750
0.016687
0.016687
0.016687
0.016625
0.016625
0.016562
0.016562
0.016562
0.016562
0.016500
0.016438
0.016500
0.016500
0.016500
0.016438
0.016375
0.016375
0.016375
0.016312
0.016312
0.016312
0.016250
0.016250
0.016125
0.016187
0.016187
0.016187
0.016187
0.016187
0.016062
0.016062
0.016062
0.016062
0.016000
0.016000
0.016000
0.016000
0.016062
0.016000
0.015937
0.015875
0.015875
0.015812
0.015750
0.015812
0.015750
0.015750
0.015750
0.015687
0.015687
0.015687
0.015625
0.015625
0.015625
0.015625
0.015562
0.015562
0.015562
0.015500
0.015500
0.015500
0.015437
0.015437
0.015437
0.015437
0.015437
0.015437
0.015437
0.015375
0.015313
0.015375
0.015313
0.015313
0.015313
0.015250
0.015313
0.015250
0.015250
0.015188
0.015188
0.015188
0.015125
0.015125
0.015125
0.015188
0.015125
0.015188
0.015125
0.015062
0.015062
0.015062
0.015062
0.015000
0.015000
0.015000
0.015062
0.015062
0.015000
0.014937
0.014937
0.014937
0.014875
0.014812
0.014875
0.014875
0.014875
0.014875
0.014875
0.014812
0.014875
0.014812
0.014750
0.014750
0.014750
0.014750
0.014750
0.014688
0.014625
0.014625
0.014563
0.014563
0.014563
0.014563
0.014625
0.014688
0.014688
0.014688
0.014688
0.014625
0.014563
0.014563
0.014500
0.014563
0.014563
0.014563
0.014437
0.014437
0.014500
0.014563
0.014500
0.014437
0.014437
0.014375
0.014375
0.014375
0.014437
0.014375
0.014375
0.014375
0.014313
0.014313
0.014313
0.014250
0.014250
0.014250
0.014313
0.014250
0.014250
0.014313
0.014313
0.014250
0.014313
0.014313
0.014375
0.014375
0.014375
0.014375
0.014437
0.014313
0.014313
0.014313
0.014313
0.014313
0.014313
0.014313
0.014313
0.014250
0.014250
0.014313
0.014250
0.014250
0.014250
0.014250
0.014250
0.014250
0.014250
0.014250
0.014188
0.014188
0.014188
0.014188
0.014188
0.014125
0.014125
0.014125
0.014188
0.014188
0.014250
0.014313
0.014250
0.014250
0.014250
0.014313
0.014375
0.014375
0.014437
0.014437
0.014437
0.014375
0.014313
0.014250
0.014250
0.014250
0.014188
0.014313
0.014250
0.014250
0.014250
0.014250
0.014250
0.014188
0.014250
0.014125
0.014188
0.014188
0.014250
0.014375
0.014375
0.014500
0.014563
0.014500
0.014375
0.014313
0.014313
0.014188
0.014188
0.014188
0.014250
0.014250
0.014313
0.014313
0.014313
0.014188
0.014125
0.014125
0.014125
0.014062
0.014125
0.014125
0.014125
0.014062
0.014062
0.013938
0.013875
0.013875
0.013875
0.013875
0.013875
0.013875
0.013875
0.013875
0.013813
0.013750
0.013687
0.013625
0.013625
0.013687
0.013687
0.013687
0.013687
0.013625
0.013625
0.013625
0.013625
0.013625
0.013687
0.013625
0.013625
0.013625
0.013625
0.013562
0.013562
0.013500
0.013500
0.013437
0.013500
0.013500
0.013437
0.013437
0.013437
0.013437
0.013500
0.013375
0.013437
0.013437
0.013437
0.013437
0.013437
0.013500
0.013500
0.013562
0.013562
0.013562
0.013500
0.013500
0.013500
0.013437
0.013437
0.013375
0.013437
0.013437
0.013437
0.013437
0.013375
0.013437
0.013375
0.013375
0.013375
0.013375
0.013375
0.013375
0.013375
0.013375
0.013375
0.013313
0.013313
0.013250
0.013250
0.013250
0.013250
0.013187
0.013250
0.013250
0.013250
0.013250
0.013187
0.013250
0.013250
0.013187
0.013250
0.013250
0.013250
0.013250
0.013250
0.013250
0.013250
0.013313
0.013313
0.013250
0.013437
0.013375
0.013375
0.013437
0.013375
0.013375
0.013375
0.013250
0.013313
0.013250
0.013250
0.013250
0.013250
0.013187
0.013187
0.013187
0.013187
0.013187
0.013187
0.013187
0.013187
0.013187
0.013187
0.013187
0.013125
0.013187
0.013187
0.013125
0.013187
0.013187
0.013187
0.013125
0.013187
0.013125
0.013187
0.013125
0.013125
0.013125
0.013125
0.013125
0.013125
0.013125
0.013125
0.013125
0.013125
0.013125
0.013125
0.013125
0.013187
0.013187
0.013187
0.013187
0.013187
0.013125
0.013187
0.013125
0.013125
0.013187
0.013125
0.013125
0.013125
0.013125
0.013125
0.013125
0.013187
0.013125
0.013125
0.013125
0.013125
0.013125
